#Tue May 14 09:29:42 EST 2013
mating_pool=80
mutation_dist=3
algo_name=ARMO
stopping_criterion=1000000
comparator=multiObjective.RankingComparator
sol_type=solver.mosolver.MOGASolution
algo_type=solver.mosolver.RankingMOGA
logging=false
rand_seed_for_pop=888
range_subdivisions=10
desired_solutions=5,10,15
problemfile=50fac5to20obj\\\\50fac10obj.txt
o=2
HV_sample=1000
runs=30
k=10
rand_seed=clock
problemtype=MOQAP
tournament_size=2
vads=true
mutation_prob=0.1
reweighting_interval=100
c=8
crossover_prob=0.01
delta=10
population=100
Used function evaluations: 1000000

Complete Population
9.77125348E8 6.39321306E8 8.7936545E8 1.009858312E9 8.30499598E8 1.004570346E9 9.4889386E8 9.2376578E8 8.24327784E8 9.50504052E8 
9.7364073E8 6.3181469E8 8.76423218E8 1.01432821E9 8.31445454E8 1.01153759E9 9.48473712E8 9.2413967E8 8.29585706E8 9.52674902E8 
9.74392868E8 6.32960774E8 8.78717314E8 1.03016917E9 8.3050913E8 1.001348854E9 9.41365346E8 9.18882E8 8.28544542E8 9.54126764E8 
9.94567108E8 6.31616284E8 8.71951128E8 1.020914662E9 8.31044224E8 9.92932636E8 9.30044224E8 9.28587874E8 8.27958542E8 9.54889554E8 
9.94238134E8 6.31714692E8 8.7211809E8 1.021356648E9 8.30953844E8 9.92852866E8 9.30352172E8 9.2829482E8 8.27774634E8 9.55000022E8 
9.7654161E8 6.32082726E8 8.76162686E8 1.026411448E9 8.3248288E8 1.004083266E9 9.38232492E8 9.1918008E8 8.2736622E8 9.55160378E8 
9.76547592E8 6.32054428E8 8.76441754E8 1.026430928E9 8.32712798E8 1.004135066E9 9.38135478E8 9.1926877E8 8.27231692E8 9.5543363E8 
9.71869692E8 6.47516442E8 8.80345226E8 1.006835988E9 8.39886278E8 9.79529864E8 9.50578834E8 9.29292174E8 8.20184134E8 9.55513794E8 
9.74809962E8 6.48253598E8 8.81542778E8 1.00364723E9 8.43122866E8 9.75126144E8 9.5135866E8 9.32617426E8 8.16786864E8 9.56517974E8 
9.71468828E8 6.48405926E8 8.7930769E8 1.005455978E9 8.40483876E8 9.80036302E8 9.50385676E8 9.30117656E8 8.2048286E8 9.5657973E8 
9.72928206E8 6.48290244E8 8.81358982E8 1.008088494E9 8.43700636E8 9.77446508E8 9.52781772E8 9.28093486E8 8.18041588E8 9.56602362E8 
9.71214894E8 6.4834131E8 8.78950312E8 1.00548659E9 8.40592726E8 9.80089658E8 9.50601822E8 9.30106132E8 8.20579642E8 9.56631256E8 
9.71643184E8 6.48385126E8 8.7925027E8 1.005468258E9 8.4031437E8 9.80018144E8 9.50412948E8 9.30096336E8 8.20328568E8 9.566883E8 
9.76405948E8 6.32036848E8 8.74585828E8 1.02388703E9 8.33262588E8 1.004719768E9 9.3856296E8 9.19479838E8 8.27669392E8 9.56691526E8 
9.7624167E8 6.31773542E8 8.74614524E8 1.024008098E9 8.3331516E8 1.005082102E9 9.38818142E8 9.19006756E8 8.2749219E8 9.56785E8 
9.76340458E8 6.3165293E8 8.74262896E8 1.023998014E9 8.33318802E8 1.004739804E9 9.3874172E8 9.19342438E8 8.27663092E8 9.56931922E8 
9.71462234E8 6.48073788E8 8.78745398E8 1.005163222E9 8.40569834E8 9.79831794E8 9.50800328E8 9.29892562E8 8.20466246E8 9.56942046E8 
9.76317404E8 6.31643134E8 8.74271518E8 1.023976146E9 8.3334726E8 1.004788964E9 9.3877858E8 9.1925758E8 8.27674424E8 9.56965756E8 
9.7163659E8 6.48052988E8 8.78687978E8 1.005175502E9 8.40400328E8 9.79813636E8 9.508276E8 9.29871242E8 8.20311954E8 9.57050616E8 
9.84288384E8 6.49236924E8 8.60533292E8 1.011656282E9 8.29885302E8 9.91943694E8 9.43026878E8 9.29133964E8 8.26172816E8 9.57088148E8 
9.65150272E8 6.33785024E8 8.70789134E8 1.017934932E9 8.45229046E8 9.99307176E8 9.3791875E8 9.26033944E8 8.32801264E8 9.5709054E8 
9.76025612E8 6.31798472E8 8.7466875E8 1.024585906E9 8.33074782E8 1.00476284E9 9.39047006E8 9.18996328E8 8.27621868E8 9.57142628E8 
9.72559524E8 6.36206568E8 8.67097176E8 1.019387302E9 8.4022487E8 1.000847518E9 9.37757652E8 9.21945322E8 8.33066536E8 9.57423858E8 
9.82205814E8 6.4838191E8 8.6094115E8 1.01119971E9 8.28827166E8 9.95355308E8 9.41555952E8 9.2554378E8 8.32509766E8 9.5748829E8 
9.82081032E8 6.48462404E8 8.61050706E8 1.011210074E9 8.28953992E8 9.95548488E8 9.41470054E8 9.25314444E8 8.32562652E8 9.57541562E8 
9.73021194E8 6.35507952E8 8.69827226E8 1.019546378E9 8.37233934E8 1.003194462E9 9.33673082E8 9.24168888E8 8.2921775E8 9.58503524E8 
9.84748246E8 6.50892474E8 8.62656172E8 1.010651198E9 8.27479646E8 9.9538554E8 9.41971258E8 9.25049556E8 8.30271384E8 9.58887808E8 
9.75749084E8 6.49229052E8 8.78310656E8 1.005876634E9 8.3952832E8 9.82587742E8 9.4622871E8 9.28372642E8 8.17263458E8 9.59656962E8 
9.69824102E8 6.49821428E8 8.79779106E8 1.004559848E9 8.43000982E8 9.817321E8 9.45446298E8 9.29594852E8 8.22949928E8 9.5969799E8 
9.71421996E8 6.49530876E8 8.80909536E8 1.004701406E9 8.45233806E8 9.78973768E8 9.51766344E8 9.25310368E8 8.14776552E8 9.59780808E8 
9.7127961E8 6.48519418E8 8.82507928E8 1.002601506E9 8.44465102E8 9.79856858E8 9.49243132E8 9.25771906E8 8.18737104E8 9.59865534E8 
9.71303784E8 6.48482308E8 8.82425718E8 1.002482984E9 8.44495254E8 9.80018326E8 9.49171746E8 9.25709618E8 8.18691924E8 9.5989509E8 
9.71350276E8 6.48506944E8 8.82367636E8 1.002434618E9 8.44565432E8 9.80113708E8 9.49133394E8 9.25663518E8 8.18740558E8 9.59933174E8 
9.71609782E8 6.48702196E8 8.82407188E8 1.002549E9 8.4435E8 9.7971313E8 9.4868842E8 9.25862668E8 8.18656982E8 9.5996453E8 
9.7580556E8 6.49097996E8 8.77820636E8 1.005869568E9 8.39285788E8 9.82773752E8 9.46609042E8 9.2818344E8 8.1676262E8 9.59970408E8 
9.85246508E8 6.50412218E8 8.62864512E8 1.01420636E9 8.29723174E8 9.9504069E8 9.45389914E8 9.20503858E8 8.24762292E8 9.600608E8 
9.6946279E8 6.53517586E8 8.70045838E8 1.00749494E9 8.45509092E8 9.74807944E8 9.49446272E8 9.33462594E8 8.16240952E8 9.60117608E8 
9.70944302E8 6.47017552E8 8.84390042E8 1.0041668E9 8.44695376E8 9.7911182E8 9.54027812E8 9.25334456E8 8.15199674E8 9.6012663E8 
9.6933793E8 6.53617044E8 8.69846284E8 1.007477084E9 8.45640148E8 9.7489484E8 9.4930915E8 9.33311776E8 8.16280862E8 9.60137054E8 
9.69534022E8 6.53519028E8 8.69983254E8 1.007556768E9 8.45704706E8 9.74813866E8 9.49105322E8 9.3348672E8 8.16111224E8 9.6017766E8 
9.69690606E8 6.53494874E8 8.7016118E8 1.007666506E9 8.45300978E8 9.74738944E8 9.49543008E8 9.3323132E8 8.15839674E8 9.60208154E8 
9.6825476E8 6.522593E8 8.71803458E8 1.006489574E9 8.48733304E8 9.79585672E8 9.47494624E8 9.2632652E8 8.18531452E8 9.60209404E8 
9.8527961E8 6.50375946E8 8.62633058E8 1.014385236E9 8.29675954E8 9.94711418E8 9.45413322E8 9.20609116E8 8.24742178E8 9.60230134E8 
9.82266484E8 6.5067618E8 8.62278988E8 1.010340378E9 8.3347027E8 9.93304142E8 9.42822018E8 9.206698E8 8.26833466E8 9.6062074E8 
9.82374616E8 6.50644774E8 8.62063392E8 1.010481038E9 8.33305014E8 9.93146886E8 9.42791414E8 9.20621476E8 8.2670931E8 9.60746388E8 
9.82517124E8 6.50686672E8 8.62093394E8 1.010514758E9 8.33163816E8 9.93359196E8 9.4273184E8 9.20300226E8 8.26523418E8 9.6093365E8 
9.7095699E8 6.5097828E8 8.73632078E8 1.00202009E9 8.5059764E8 9.7567085E8 9.48975154E8 9.30837318E8 8.16258388E8 9.61146212E8 
9.69569928E8 6.32415572E8 8.71583862E8 1.019488708E9 8.4119168E8 1.00093586E9 9.35144296E8 9.24050446E8 8.26426674E8 9.61176314E8 
9.7705256E8 6.46715996E8 8.76601506E8 1.01431637E9 8.26209304E8 9.80722534E8 9.48906662E8 9.31117838E8 8.16425368E8 9.61236794E8 
9.69536354E8 6.32166238E8 8.71353448E8 1.01956349E9 8.40931254E8 1.001257102E9 9.3530414E8 9.24480108E8 8.2668914E8 9.61457226E8 
9.82211196E8 6.51622444E8 8.59397658E8 1.011586442E9 8.32920658E8 9.89811904E8 9.39882968E8 9.25318772E8 8.28742942E8 9.61471208E8 
9.82260412E8 6.51391314E8 8.58953028E8 1.011471826E9 8.32711412E8 9.896851E8 9.39960158E8 9.25309728E8 8.2895102E8 9.61494524E8 
9.82430202E8 6.5127536E8 8.5910553E8 1.011218056E9 8.32544232E8 9.89574034E8 9.39991158E8 9.25204026E8 8.2881099E8 9.61771828E8 
9.8230228E8 6.51323802E8 8.59059206E8 1.01129688E9 8.32647572E8 9.89589134E8 9.39913996E8 9.25042626E8 8.2885635E8 9.6177745E8 
9.82470102E8 6.51301024E8 8.58979224E8 1.011249264E9 8.32641918E8 9.89544446E8 9.39948244E8 9.25214188E8 8.28826148E8 9.61794968E8 
9.82454714E8 6.51368296E8 8.59157476E8 1.011203634E9 8.32735672E8 9.89574348E8 9.39997158E8 9.25122932E8 8.2872547E8 9.61809982E8 
9.82345344E8 6.51380142E8 8.59081462E8 1.01124658E9 8.32804506E8 9.89737276E8 9.39848834E8 9.24980672E8 8.28879944E8 9.61812666E8 
9.88560642E8 6.50989246E8 8.5991043E8 1.013700248E9 8.26601142E8 9.96732984E8 9.40645358E8 9.19469712E8 8.25608356E8 9.6247348E8 
9.84962682E8 6.52248646E8 8.54701734E8 1.012744182E9 8.32244114E8 9.97179312E8 9.42386534E8 9.18949028E8 8.26074502E8 9.63853112E8 
9.67451754E8 6.22837162E8 8.62154504E8 1.019549356E9 8.20669262E8 1.020486242E9 9.29784036E8 9.40794188E8 8.37970136E8 9.6417656E8 
9.6759132E8 6.22744244E8 8.62614946E8 1.019579324E9 8.20272374E8 1.020712566E9 9.29413644E8 9.41048672E8 8.37509832E8 9.64290442E8 
9.80024298E8 6.50631998E8 8.5398343E8 1.009637408E9 8.37827708E8 9.89973278E8 9.40633232E8 9.2326984E8 8.29475172E8 9.64387632E8 
9.80010216E8 6.5055171E8 8.5369809E8 1.009617322E9 8.37932812E8 9.89935642E8 9.4075911E8 9.23398786E8 8.29414782E8 9.64627886E8 
9.64387356E8 6.26551308E8 8.56534878E8 1.017943964E9 8.30632594E8 1.021642428E9 9.23978858E8 9.38972314E8 8.42786408E8 9.65296006E8 
9.6425793E8 6.26697968E8 8.56422184E8 1.017853002E9 8.30674718E8 1.021247604E9 9.24143914E8 9.39350602E8 8.43012352E8 9.65307478E8 
9.64338732E8 6.26727696E8 8.56471414E8 1.01780851E9 8.30752522E8 1.021240466E9 9.24040264E8 9.39355778E8 8.4288748E8 9.65313294E8 
9.64398766E8 6.26692676E8 8.5643417E8 1.017812482E9 8.30576854E8 1.021300756E9 9.2405527E8 9.39355954E8 8.42935772E8 9.65382118E8 
9.6429904E8 6.26685242E8 8.56223322E8 1.017739162E9 8.30796212E8 1.021209846E9 9.2417917E8 9.39423666E8 8.42833874E8 9.6550154E8 
9.64425264E8 6.26435692E8 8.56243122E8 1.017829174E9 8.30686956E8 1.02153401E9 9.24236098E8 9.39158838E8 8.42659896E8 9.6554714E8 
9.6463362E8 6.26689652E8 8.56241816E8 1.01799982E9 8.3071712E8 1.021287462E9 9.23839994E8 9.39305114E8 8.42658982E8 9.65581148E8 
9.64536368E8 6.2667588E8 8.56070316E8 1.018060162E9 8.30903052E8 1.021010894E9 9.24059736E8 9.39726744E8 8.42959472E8 9.6560172E8 
9.64455464E8 6.26583182E8 8.56192204E8 1.017859348E9 8.30794104E8 1.021244302E9 9.24165994E8 9.39618478E8 8.42646272E8 9.65669932E8 
9.67607538E8 6.24918968E8 8.60346424E8 1.01690441E9 8.23810054E8 1.025249708E9 9.21981916E8 9.39949104E8 8.40953308E8 9.6655859E8 
9.67546048E8 6.24837464E8 8.60222332E8 1.016852328E9 8.23782786E8 1.025307968E9 9.22141646E8 9.39882508E8 8.40806964E8 9.66608544E8 
9.64763414E8 6.24496332E8 8.64224396E8 1.019750606E9 8.22288136E8 1.025939498E9 9.26704376E8 9.36136086E8 8.40453012E8 9.66615836E8 
9.67433946E8 6.24846568E8 8.6019878E8 1.016807184E9 8.23836736E8 1.025371398E9 9.2210841E8 9.40113088E8 8.40887486E8 9.66645488E8 
9.6762788E8 6.2480312E8 8.60261798E8 1.016986238E9 8.23754028E8 1.025548276E9 9.21990126E8 9.39883814E8 8.40976438E8 9.66649038E8 
9.67580444E8 6.24889604E8 8.60426988E8 1.016836546E9 8.23725196E8 1.025557398E9 9.21900246E8 9.39850064E8 8.40880828E8 9.6665609E8 
9.675529E8 6.24866214E8 8.60215188E8 1.016775592E9 8.2388658E8 1.02539923E9 9.22001848E8 9.39957182E8 8.40731312E8 9.6666875E8 
9.67677744E8 6.24679316E8 8.60528232E8 1.016841858E9 8.23477756E8 1.025775056E9 9.2196706E8 9.39720548E8 8.40952446E8 9.66698854E8 
9.67540642E8 6.2483894E8 8.6041441E8 1.016813598E9 8.23563848E8 1.025434076E9 9.22051602E8 9.39939442E8 8.41067414E8 9.66713898E8 
9.67637138E8 6.2479925E8 8.60305522E8 1.016914474E9 8.23699502E8 1.02536376E9 9.22065322E8 9.401635E8 8.4110052E8 9.66725806E8 
9.67592924E8 6.24785916E8 8.6012033E8 1.016833216E9 8.23864848E8 1.025249506E9 9.22240068E8 9.40057998E8 8.4079593E8 9.6675135E8 
9.65068012E8 6.24257636E8 8.63753704E8 1.019626192E9 8.21998032E8 1.025875424E9 9.26996768E8 9.36050408E8 8.40355668E8 9.66751576E8 
9.67534316E8 6.24787726E8 8.60285168E8 1.016775056E9 8.23587076E8 1.025478066E9 9.22164416E8 9.39979428E8 8.40951884E8 9.6677897E8 
9.67913094E8 6.24673842E8 8.6023774E8 1.016639604E9 8.23837874E8 1.025286282E9 9.2241062E8 9.39897764E8 8.4064982E8 9.6682087E8 
9.6693206E8 6.26090012E8 8.5781736E8 1.017758876E9 8.25852542E8 1.022929402E9 9.26050236E8 9.38079434E8 8.40707382E8 9.67206382E8 
9.67187954E8 6.25814204E8 8.57729378E8 1.017851328E9 8.25578248E8 1.022971734E9 9.26295046E8 9.37978988E8 8.40837992E8 9.67398054E8 
9.67043686E8 6.25983698E8 8.57666016E8 1.017601866E9 8.25638268E8 1.022882396E9 9.26098712E8 9.381532E8 8.40715892E8 9.67496366E8 
9.6727016E8 6.22025084E8 8.61515734E8 1.017959614E9 8.2388002E8 1.026233552E9 9.2292176E8 9.3772508E8 8.39431026E8 9.6763547E8 
9.67477442E8 6.25791888E8 8.57438662E8 1.01771606E9 8.25300402E8 1.022687298E9 9.2641834E8 9.38124104E8 8.40701356E8 9.67681208E8 
9.6715718E8 6.2223209E8 8.61558148E8 1.017813916E9 8.23990372E8 1.026152226E9 9.22880166E8 9.37639896E8 8.39235286E8 9.6773653E8 
9.67356124E8 6.21957032E8 8.61352448E8 1.017990152E9 8.24091934E8 1.026237838E9 9.23110998E8 9.37824542E8 8.39182492E8 9.67816722E8 
9.65901064E8 6.23331582E8 8.59452768E8 1.018347602E9 8.2769898E8 1.02340312E9 9.29023076E8 9.35711004E8 8.42018708E8 9.68386934E8 
9.64288512E8 6.20575274E8 8.64491572E8 1.018348758E9 8.2530099E8 1.020978564E9 9.25392462E8 9.38164178E8 8.38837168E8 9.6851085E8 
9.64411258E8 6.2046791E8 8.64408642E8 1.018268232E9 8.2556524E8 1.021175276E9 9.25266462E8 9.37813904E8 8.39033488E8 9.68516098E8 
9.64458612E8 6.20428948E8 8.64419578E8 1.01825854E9 8.2552572E8 1.021173938E9 9.25102676E8 9.37872204E8 8.3908093E8 9.68589958E8 
9.65082916E8 6.20118338E8 8.64851104E8 1.017848236E9 8.254962E8 1.021639472E9 9.24226442E8 9.35999984E8 8.4037721E8 9.69314434E8 
9.7098425E8 6.22871866E8 8.56000722E8 1.019203258E9 8.21281396E8 1.022472802E9 9.27372712E8 9.3958796E8 8.3964624E8 9.74888092E8 
9.6304064E8 6.21555332E8 8.6396558E8 1.017363318E9 8.27257536E8 1.022816888E9 9.26023196E8 9.38498136E8 8.37028496E8 9.7608362E8 


