#Fri May 17 17:46:50 EST 2013
mating_pool=80
mutation_dist=3
algo_name=MSOPS_100t
stopping_criterion=1000000
comparator=multiObjective.MSOPSComparator
sol_type=solver.mosolver.MSOPSSolution
algo_type=solver.mosolver.GenericNoDuplicatesMOGA
logging=false
rand_seed_for_pop=888
range_subdivisions=3
desired_solutions=5,10,15
problemfile=50fac5to20obj\\\\50fac10obj.txt
o=2
HV_sample=100000
runs=30
k=10
rand_seed=clock
problemtype=MOQAP
tournament_size=2
vads=true
mutation_prob=0.1
reweighting_interval=100
c=8
crossover_prob=0.01
delta=10
targets=100
population=100
Used function evaluations: 1000000

Complete Population
1.15487589E9 7.18465718E8 8.66627356E8 1.033172736E9 8.48762744E8 1.03655537E9 1.08206854E9 1.124282808E9 9.04930364E8 7.54285854E8 
1.125622418E9 7.24942176E8 8.28394022E8 1.042026936E9 8.7399396E8 1.065426732E9 1.101216154E9 1.132254604E9 9.02087432E8 7.7004697E8 
1.152587598E9 7.29224608E8 8.68876372E8 9.76414666E8 8.25539386E8 1.04296549E9 1.071204822E9 1.12026758E9 8.93520552E8 7.85106702E8 
1.153387864E9 7.25949416E8 8.68320658E8 9.75600488E8 8.3315652E8 1.051407306E9 1.070287736E9 1.121264156E9 8.93941098E8 7.89997436E8 
1.174595736E9 7.1585423E8 8.92433294E8 1.010430664E9 8.65280294E8 9.68126742E8 1.075655876E9 1.036769968E9 8.8411846E8 8.0945667E8 
1.189832018E9 7.15459704E8 9.16685064E8 1.053028352E9 8.36806244E8 9.95976112E8 1.010869218E9 1.0082574E9 9.0688147E8 8.2363804E8 
1.10234917E9 7.05497846E8 8.83118582E8 1.126780692E9 9.38645666E8 1.048427962E9 1.124370452E9 8.92134238E8 8.48498096E8 8.5146047E8 
1.130458448E9 7.30482888E8 9.15028216E8 1.064779754E9 8.9476248E8 9.29033846E8 1.117860324E9 1.020675522E9 9.01053228E8 8.5156018E8 
1.026386772E9 7.48449614E8 9.1213901E8 9.35689246E8 9.50358436E8 1.113548132E9 1.009526026E9 1.084014526E9 8.7633279E8 8.69772624E8 
1.076886014E9 7.42746728E8 8.7533273E8 1.077707892E9 9.62664716E8 1.058286918E9 1.15356395E9 8.65743084E8 8.77726516E8 8.75890506E8 
1.232594494E9 7.21930334E8 1.051003674E9 1.162579606E9 9.3929833E8 9.55093452E8 8.66216242E8 1.02469291E9 9.89869348E8 8.7947041E8 
1.22832124E9 7.14953608E8 1.024071974E9 1.177344068E9 9.2404844E8 9.30959266E8 8.62682786E8 1.060161618E9 9.2949426E8 8.94945886E8 
9.7237234E8 7.24636692E8 8.80316016E8 1.002611394E9 9.35256688E8 1.086404794E9 9.48605112E8 1.032807884E9 8.89554622E8 8.99269444E8 
1.095972784E9 7.66251078E8 8.74212536E8 1.066396024E9 9.74370918E8 1.053643392E9 1.13582629E9 8.63711068E8 8.71452532E8 9.14031314E8 
9.88568748E8 7.61397658E8 8.98735698E8 8.8579804E8 9.75937904E8 1.0810833E9 1.028113084E9 1.085305062E9 8.98627516E8 9.22657616E8 
1.001466128E9 7.43549152E8 8.90910542E8 8.89430564E8 9.38507592E8 1.098270872E9 1.009531662E9 1.08929689E9 8.81862978E8 9.30315688E8 
9.92337456E8 7.66647986E8 8.92412974E8 8.9970622E8 9.62409386E8 1.097753224E9 1.041675488E9 1.112161512E9 8.55625804E8 9.33835122E8 
9.53587088E8 7.39799028E8 8.85086686E8 1.028238912E9 9.12755862E8 1.07576205E9 9.1502674E8 1.044670098E9 9.0267188E8 9.37652096E8 
8.86248106E8 7.47495084E8 9.28518402E8 1.080900424E9 9.68990692E8 1.094265718E9 1.014452824E9 9.273385E8 9.59742978E8 9.38919466E8 
9.71768574E8 6.9135307E8 8.62662852E8 1.086591156E9 9.21083604E8 9.20497488E8 1.05970143E9 9.3291757E8 9.62891484E8 9.44296732E8 
9.73645156E8 6.85662862E8 8.4036487E8 1.064711412E9 9.2878655E8 9.5114511E8 1.048291168E9 8.73694296E8 9.9154223E8 9.5614369E8 
8.79130912E8 7.30430206E8 9.32694504E8 1.083823062E9 1.011290292E9 1.103048816E9 9.94200794E8 9.22702864E8 9.73504422E8 9.58137502E8 
9.45960256E8 6.85539944E8 8.54817508E8 1.068966628E9 9.21498044E8 9.14247412E8 1.128075714E9 9.58221288E8 1.0136066E9 9.58944824E8 
8.47465998E8 8.33632014E8 9.93796128E8 1.029163834E9 8.50031242E8 1.067503944E9 1.037906046E9 1.170188482E9 9.77998188E8 9.59675488E8 
1.048827054E9 7.38610242E8 8.81346108E8 9.37005824E8 8.75660152E8 1.09268943E9 9.60119564E8 9.58753712E8 9.94445758E8 9.79630698E8 
8.7275737E8 7.00789382E8 9.65866912E8 1.064442364E9 9.82281482E8 1.04404009E9 9.79295462E8 9.4960408E8 9.52320006E8 9.80468594E8 
1.04607641E9 7.38369114E8 8.76014098E8 9.41302702E8 8.78247326E8 1.089458494E9 9.58221026E8 9.57876296E8 9.87873554E8 9.80507302E8 
1.12569136E9 7.36772496E8 9.28296932E8 1.036406796E9 9.04338578E8 1.408775268E9 1.011279966E9 1.073589258E9 9.17373638E8 9.90381098E8 
1.130909554E9 7.37491626E8 9.51746812E8 1.020619642E9 9.16868984E8 1.410618212E9 1.007154868E9 1.1056859E9 9.39273488E8 9.99523296E8 
1.074637224E9 7.22804604E8 9.21220768E8 1.01919826E9 9.07822564E8 1.397889808E9 1.051628872E9 1.031438004E9 9.2649189E8 9.99732736E8 
9.8439579E8 9.1565673E8 9.48417976E8 1.038188728E9 8.54628616E8 1.075629054E9 1.046361572E9 1.397757054E9 9.71032292E8 1.001609062E9 
1.048062296E9 8.07444852E8 9.53277618E8 1.062634E9 8.79339544E8 9.29166376E8 1.526047732E9 1.029535596E9 9.74459648E8 1.003058088E9 
9.93115582E8 7.2172399E8 9.10659438E8 9.36481984E8 9.42429026E8 1.082726052E9 9.94172664E8 8.721796E8 9.45548594E8 1.003349958E9 
9.96516194E8 6.72629462E8 8.9699337E8 9.89496846E8 8.94018214E8 1.040640814E9 9.0177673E8 9.45187228E8 9.62089628E8 1.003933714E9 
1.36058608E9 7.27891798E8 1.013321734E9 1.047732468E9 8.27097692E8 9.66825118E8 1.171272552E9 9.86531386E8 8.23056614E8 1.009542196E9 
1.021929388E9 7.89778956E8 9.47849838E8 1.011794794E9 9.4235285E8 9.58886964E8 1.529663048E9 9.95818554E8 9.75126408E8 1.016669632E9 
1.007480898E9 6.93427878E8 9.22778246E8 9.78608134E8 9.10385314E8 1.051416386E9 9.0926116E8 9.21865478E8 9.8323736E8 1.017241754E9 
1.022867158E9 7.68131916E8 9.18422672E8 1.1537239E9 9.37881622E8 8.65161508E8 1.026210268E9 9.00319064E8 9.85303064E8 1.025743798E9 
8.0558081E8 8.1009675E8 9.74777278E8 1.019774462E9 8.96982774E8 1.078445156E9 1.04966926E9 1.129544292E9 9.85725038E8 1.02599786E9 
1.022355164E9 7.79125324E8 9.51153452E8 1.01843383E9 9.12633232E8 9.5041631E8 1.535804124E9 1.001691632E9 9.95497804E8 1.028375524E9 
1.384603986E9 7.06985026E8 9.65157698E8 1.057011026E9 8.627696E8 9.76403592E8 1.173709424E9 9.94898864E8 8.32201194E8 1.029081338E9 
9.6856021E8 8.92218956E8 9.65050608E8 1.08148936E9 8.6695279E8 1.077724678E9 1.052196584E9 1.431231516E9 9.3564913E8 1.030171318E9 
9.99950218E8 7.50246976E8 1.406803838E9 1.243057636E9 9.00848256E8 1.001171874E9 1.00059152E9 1.165297676E9 1.031212036E9 1.031236416E9 
1.205349758E9 9.88992748E8 1.159306126E9 1.236929232E9 8.50602728E8 9.42231042E8 9.62034466E8 1.040764558E9 1.044840476E9 1.033003864E9 
1.187943994E9 9.93496984E8 1.162025146E9 1.229393706E9 8.55420448E8 9.56452296E8 9.68501678E8 1.031909362E9 1.04191288E9 1.038580162E9 
7.4924178E8 8.02745088E8 9.88352562E8 1.054925962E9 9.01408488E8 1.086381144E9 1.047001112E9 1.141458608E9 1.078207142E9 1.04251487E9 
9.98673202E8 6.84222016E8 9.324763E8 8.82776696E8 8.42028698E8 9.6750991E8 1.08161569E9 1.009264628E9 9.5326282E8 1.044711186E9 
1.05716346E9 7.52625716E8 8.96665196E8 1.186286536E9 9.3257831E8 8.40574282E8 1.011793822E9 9.079832E8 9.95396104E8 1.046392402E9 
1.032254776E9 7.46971788E8 1.019820232E9 1.130025616E9 8.68177506E8 1.438785334E9 9.69320736E8 1.06162049E9 9.69599104E8 1.049633418E9 
1.074708584E9 7.5297306E8 9.0221161E8 1.102198168E9 8.12163546E8 1.036338472E9 1.120176582E9 7.85379208E8 1.017443118E9 1.051296816E9 
1.025519402E9 7.60457508E8 1.40587174E9 1.104547624E9 8.91355678E8 1.022015808E9 1.081536478E9 1.10937817E9 9.84619718E8 1.051416604E9 
9.71269184E8 6.85492612E8 9.18406666E8 8.61773556E8 8.80321636E8 9.95623934E8 1.115408072E9 9.92655702E8 9.63896148E8 1.052331016E9 
1.232169518E9 8.1389751E8 9.44012542E8 1.051100172E9 9.32616148E8 8.73016624E8 1.447355732E9 1.009506898E9 9.96625306E8 1.058843622E9 
1.030498104E9 6.7852032E8 9.2100301E8 8.43508338E8 8.75372668E8 1.030120426E9 1.141855862E9 1.032541096E9 9.54143008E8 1.059144854E9 
1.219043986E9 8.0685621E8 9.27705782E8 1.045721312E9 9.39932426E8 8.49455372E8 1.430477034E9 1.00681134E9 9.67536222E8 1.060109106E9 
1.036757626E9 7.51425652E8 7.38210666E8 1.090070816E9 9.57271978E8 9.22419134E8 1.171353564E9 9.46294002E8 9.06735342E8 1.063589376E9 
7.92408322E8 7.96593428E8 1.003347042E9 1.12294603E9 8.87158366E8 1.080465134E9 1.056799864E9 1.179313698E9 9.94662296E8 1.065362078E9 
1.042621716E9 7.05018676E8 7.55437668E8 1.084639974E9 9.48619626E8 9.3086297E8 1.146434602E9 9.74692804E8 8.91987172E8 1.066951172E9 
1.104775006E9 7.21726302E8 9.39609322E8 1.064007702E9 1.322542616E9 1.002965536E9 1.153913634E9 9.70662112E8 9.78133396E8 1.068663486E9 
9.42589158E8 7.13241342E8 9.44422304E8 9.19071706E8 8.86138074E8 1.010549016E9 1.082188644E9 9.88184346E8 9.34674692E8 1.075177296E9 
9.55975828E8 6.60488756E8 9.34098506E8 1.239009766E9 9.06905316E8 9.61582786E8 1.052319126E9 9.9067018E8 7.78132334E8 1.075212134E9 
9.9032809E8 6.7033439E8 9.67690546E8 1.181185238E9 8.8933436E8 9.75110692E8 1.031927714E9 1.014987462E9 7.650455E8 1.081614446E9 
9.0896972E8 7.40233152E8 1.043815318E9 1.12311211E9 8.37133208E8 9.81650776E8 1.06541054E9 1.464025796E9 1.01767304E9 1.084416556E9 
1.047267848E9 7.34870912E8 8.59862174E8 1.060497836E9 7.98574186E8 1.010563296E9 1.114577476E9 7.8807498E8 1.003181312E9 1.088816036E9 
9.8138629E8 7.08105256E8 1.43243887E9 1.107708022E9 9.24199134E8 9.97859918E8 1.098324946E9 1.110369138E9 1.025904916E9 1.09913296E9 
1.0499459E9 7.31706058E8 9.06156062E8 1.094331584E9 8.33615958E8 9.6401113E8 1.163316376E9 8.23027378E8 9.99764798E8 1.102370334E9 
9.31797184E8 7.40103758E8 9.53866246E8 1.451567168E9 1.068939414E9 1.052746426E9 9.37080216E8 8.15316846E8 9.66408938E8 1.104271578E9 
9.6836395E8 7.37498496E8 1.425441806E9 1.090771246E9 8.57297658E8 1.046856878E9 1.118870308E9 1.119451422E9 1.014442166E9 1.104315912E9 
9.10851754E8 7.43449044E8 1.037991782E9 1.132850856E9 8.29418826E8 9.74906938E8 1.063935038E9 1.458204014E9 1.04522232E9 1.110013878E9 
1.425547638E9 7.44940444E8 8.82218872E8 1.040649282E9 9.06974046E8 9.64983284E8 9.99937214E8 1.008250902E9 8.52270112E8 1.11142185E9 
1.051296826E9 7.30528026E8 8.8328034E8 1.118221798E9 8.06879114E8 9.57087168E8 1.148259872E9 8.13958632E8 9.96113824E8 1.114551796E9 
9.85857056E8 7.05660948E8 1.436563298E9 1.108149508E9 8.9084675E8 1.02578746E9 1.111755424E9 1.141592902E9 1.008721848E9 1.120530822E9 
1.053983532E9 7.4095234E8 8.99151698E8 1.186059108E9 1.336836476E9 1.048498386E9 9.97649106E8 9.29159746E8 9.8282256E8 1.123509266E9 
9.27229558E8 7.34686756E8 9.68242242E8 1.434695866E9 1.073174432E9 1.049574666E9 9.09563398E8 8.157509E8 9.88248098E8 1.128222066E9 
1.427497158E9 7.71327194E8 8.87768764E8 1.0668957E9 9.3594469E8 9.52610474E8 9.79145736E8 1.016856306E9 8.22915884E8 1.128918014E9 
9.91503682E8 7.75324658E8 9.83791006E8 1.604430048E9 9.439736E8 9.42855214E8 9.5108949E8 1.037696066E9 9.24711072E8 1.129027758E9 
1.050680114E9 7.55457736E8 8.9954577E8 1.21752304E9 1.349172918E9 1.053123402E9 9.8554928E8 9.51182024E8 1.01702014E9 1.129779006E9 
1.096122882E9 1.078082468E9 9.51482146E8 1.182939548E9 9.27484366E8 1.05504422E9 1.02169198E9 1.142613716E9 1.019521972E9 1.134200304E9 
1.054171336E9 1.081915128E9 9.60882934E8 1.138885886E9 9.34074444E8 1.104758376E9 1.028180148E9 1.101205862E9 1.05579234E9 1.13529676E9 
1.050161534E9 7.98043672E8 9.23465206E8 1.056054898E9 8.91647804E8 1.001793936E9 1.119131054E9 1.050941718E9 1.425994606E9 1.141969174E9 
1.153014414E9 8.10042398E8 8.80120516E8 1.273132934E9 8.7739248E8 8.91169764E8 8.63578952E8 1.050954202E9 8.53418178E8 1.148486302E9 
1.043737034E9 7.67898216E8 9.8669489E8 1.249588238E9 8.71212516E8 8.04202064E8 9.11367344E8 1.038169612E9 8.44833454E8 1.150791932E9 
1.184334858E9 8.38215892E8 9.18872958E8 1.185040722E9 7.5216682E8 8.99988478E8 8.68531392E8 1.142988862E9 8.56581036E8 1.150935612E9 
1.40041363E9 7.3836001E8 8.5599545E8 1.149444404E9 9.4031222E8 9.52469534E8 9.25503538E8 9.85200524E8 8.15183328E8 1.157381016E9 
9.66949664E8 6.8954905E8 1.01248204E9 1.111706406E9 8.95701904E8 9.85375798E8 1.109893596E9 1.079630458E9 1.460204016E9 1.161240024E9 
1.043224016E9 7.42017016E8 9.86982996E8 1.253550802E9 9.16993558E8 7.98146496E8 8.7557857E8 1.060892864E9 8.84012086E8 1.163657014E9 
1.025708658E9 7.51517872E8 9.8034696E8 1.256496192E9 9.13336628E8 8.1230847E8 8.71286868E8 1.0509999E9 8.84861034E8 1.168933242E9 
1.179547844E9 8.28876468E8 9.18785808E8 1.177002018E9 8.18650962E8 9.18074038E8 8.79811384E8 1.097958562E9 7.7589396E8 1.16911568E9 
9.71976502E8 7.22867004E8 9.84328138E8 1.609517346E9 9.74342756E8 9.52811786E8 9.64730232E8 9.82381526E8 9.0345362E8 1.169478154E9 
1.160820952E9 8.09873326E8 8.95006496E8 1.229599184E9 8.06878146E8 8.61926016E8 8.66653322E8 1.061355816E9 8.23168082E8 1.174686176E9 
1.057561238E9 1.059318352E9 9.4370074E8 1.140853238E9 9.43302612E8 1.116491112E9 1.02514366E9 1.035093732E9 1.051132052E9 1.17476951E9 
1.000608126E9 7.38038818E8 9.45853692E8 1.059409738E9 9.11245094E8 1.00969252E9 1.507147894E9 9.59636764E8 1.0044245E9 1.186550056E9 
1.183222196E9 8.40088748E8 9.09557728E8 1.230707572E9 7.86537488E8 9.20170614E8 8.4394819E8 1.083402432E9 8.0399143E8 1.189592472E9 
9.69646026E8 7.36409432E8 1.006976388E9 1.01582193E9 9.19772908E8 9.81686596E8 8.818052E8 1.371113692E9 9.98569898E8 1.192559846E9 
1.164535062E9 8.43384678E8 8.9856421E8 1.195341706E9 8.09636358E8 9.39505068E8 8.37630744E8 1.09841304E9 7.9654091E8 1.197498746E9 
9.22446036E8 7.62733748E8 1.018962442E9 1.048728296E9 9.2794643E8 1.00376287E9 9.5247437E8 1.43381888E9 9.52662542E8 1.25666623E9 
1.001885688E9 7.31474266E8 9.792762E8 1.000040958E9 8.73095956E8 1.007664936E9 1.047240868E9 1.039827324E9 9.48590938E8 1.539654146E9 
1.093233874E9 7.33500812E8 9.23612894E8 1.046183038E9 8.71137922E8 1.00768384E9 9.9103008E8 1.052618516E9 9.54169448E8 1.540176794E9 
9.92941704E8 6.59212948E8 9.09047766E8 1.0245134E9 9.27773668E8 1.005112102E9 1.06057803E9 1.04314911E9 9.50064758E8 1.547891044E9 
9.69115944E8 6.67166032E8 8.87332746E8 1.042743642E9 9.97101818E8 1.05299391E9 1.087018898E9 9.92378686E8 9.65632496E8 1.558325656E9 


