#Tue May 14 15:34:37 EST 2013
mating_pool=80
mutation_dist=3
algo_name=Z
stopping_criterion=1000000
comparator=multiObjective.ZScoreComparator
sol_type=solver.mosolver.RWZSolution
algo_type=solver.mosolver.GenericNoDuplicatesMOGA
logging=false
rand_seed_for_pop=888
desired_solutions=5,10,15
problemfile=50fac5to20obj\\\\50fac10obj.txt
o=2
HV_sample=100000
runs=30
k=10
rand_seed=clock
problemtype=MOQAP
tournament_size=2
vads=true
mutation_prob=0.1
reweighting_interval=100
c=8
crossover_prob=0.01
delta=10
targets=50
population=100
Used function evaluations: 1000000

Complete Population
1.018403354E9 5.97515114E8 8.84949142E8 1.012979076E9 7.89823442E8 9.67512066E8 9.89785748E8 9.50421576E8 8.46243156E8 1.026104238E9 
1.018277086E9 5.97666804E8 8.84748614E8 1.01285428E9 7.89774354E8 9.67584232E8 9.90062012E8 9.5003546E8 8.46618062E8 1.026110496E9 
1.018232304E9 5.97711392E8 8.84644134E8 1.01306536E9 7.89708296E8 9.67578166E8 9.90006026E8 9.50104366E8 8.46618098E8 1.026151556E9 
1.018314652E9 5.97643918E8 8.84670104E8 1.0129596E9 7.89733726E8 9.6745739E8 9.90168866E8 9.50216564E8 8.4645957E8 1.02615303E9 
1.018375214E9 5.97596926E8 8.84916636E8 1.012972628E9 7.89766372E8 9.67460982E8 9.89778922E8 9.50510608E8 8.4621962E8 1.026154642E9 
1.018244478E9 5.9774158E8 8.84714138E8 1.012847768E9 7.8971726E8 9.67533232E8 9.90056524E8 9.50124342E8 8.46597638E8 1.02616097E9 
1.018472264E9 5.97755804E8 8.84589158E8 1.012918136E9 7.89665322E8 9.67373866E8 9.90048884E8 9.50297358E8 8.46537966E8 1.026162612E9 
1.018125574E9 5.97636506E8 8.84620916E8 1.013106944E9 7.89739018E8 9.67595924E8 9.9014504E8 9.5010949E8 8.46513804E8 1.026165656E9 
1.018283186E9 5.97748392E8 8.8453997E8 1.01306548E9 7.89670614E8 9.675124E8 9.90025058E8 9.50190284E8 8.465922E8 1.026175238E9 
1.01840876E9 5.97714378E8 8.84631596E8 1.012923434E9 7.8965729E8 9.67411386E8 9.90037924E8 9.50260854E8 8.46513558E8 1.026180354E9 
1.018330624E9 5.97733944E8 8.845217E8 1.013104338E9 7.896414E8 9.67462402E8 9.9008691E8 9.50144498E8 8.466615E8 1.026181066E9 
1.018302858E9 5.97685082E8 8.84644172E8 1.012734202E9 7.89943298E8 9.67551836E8 9.89917354E8 9.50463094E8 8.4633397E8 1.026183552E9 
1.018456198E9 5.9769993E8 8.84613326E8 1.012962292E9 7.89628076E8 9.67361388E8 9.90099776E8 9.50215068E8 8.46582858E8 1.026186182E9 
1.018388774E9 5.9779358E8 8.84658846E8 1.012911504E9 7.8964591E8 9.67388632E8 9.90024364E8 9.50300322E8 8.4654344E8 1.026189404E9 
1.018219682E9 5.97706966E8 8.84582408E8 1.013070778E9 7.89662582E8 9.6754992E8 9.90014098E8 9.5015378E8 8.46567792E8 1.02619298E9 
1.01811378E9 5.9767767E8 8.84594984E8 1.012881546E9 7.8994859E8 9.6769037E8 9.89893528E8 9.5035602E8 8.46388204E8 1.026196178E9 
1.01815647E9 5.97752708E8 8.84544002E8 1.013095134E9 7.89689956E8 9.67507404E8 9.90150512E8 9.50234876E8 8.46517788E8 1.026198388E9 
1.01826712E9 5.97692518E8 8.84564138E8 1.013109636E9 7.89633368E8 9.67499922E8 9.9007595E8 9.50107994E8 8.46637092E8 1.026198808E9 
1.018199696E9 5.97786168E8 8.84609658E8 1.013058848E9 7.89651202E8 9.67527166E8 9.90000538E8 9.50193248E8 8.46597674E8 1.02620203E9 
1.018282044E9 5.97718694E8 8.84635628E8 1.012953088E9 7.89676632E8 9.6740639E8 9.90163378E8 9.50305446E8 8.46439146E8 1.026203504E9 
1.018311026E9 5.97711662E8 8.84529222E8 1.013000456E9 7.89750764E8 9.67464638E8 9.90039982E8 9.50195186E8 8.46607514E8 1.026207834E9 
1.018329482E9 5.97704246E8 8.84617358E8 1.012991946E9 7.89647418E8 9.67356392E8 9.9022523E8 9.5025966E8 8.46508446E8 1.026209332E9 
1.018176942E9 5.9763173E8 8.84487598E8 1.013113664E9 7.89809354E8 9.67558578E8 9.90149138E8 9.50038578E8 8.46622532E8 1.026209796E9 
1.018439656E9 5.9783058E8 8.84554682E8 1.012911624E9 7.89608228E8 9.67322866E8 9.90043396E8 9.5038624E8 8.46517542E8 1.026213086E9 
1.018276206E9 5.97579346E8 8.8452178E8 1.012918812E9 7.89846224E8 9.67646068E8 9.90032928E8 9.50201726E8 8.46501628E8 1.0262131E9 
1.018557564E9 5.97647238E8 8.84532138E8 1.012722968E9 7.8976472E8 9.67462902E8 9.89925832E8 9.50353088E8 8.46501678E8 1.026213226E9 
1.018092966E9 5.97711282E8 8.8458644E8 1.013100432E9 7.89681924E8 9.67544924E8 9.90139552E8 9.50198372E8 8.4649338E8 1.02621613E9 
1.018560338E9 5.97646186E8 8.84490154E8 1.012833604E9 7.8978764E8 9.67406976E8 9.89894416E8 9.50342092E8 8.46611784E8 1.026219294E9 
1.018334554E9 5.97743616E8 8.84406652E8 1.0130722E9 7.8974095E8 9.67475054E8 9.90029156E8 9.50119372E8 8.46700928E8 1.026219378E9 
1.018540508E9 5.97713E8 8.84466098E8 1.01291415E9 7.89744736E8 9.67354802E8 9.90054892E8 9.50192432E8 8.46610568E8 1.026220362E9 
1.018140404E9 5.97696834E8 8.8456817E8 1.01313929E9 7.8965271E8 9.67494926E8 9.90201404E8 9.50152586E8 8.4656268E8 1.026221958E9 
1.018208602E9 5.97753816E8 8.84561624E8 1.012856372E9 7.8987223E8 9.67644494E8 9.8976316E8 9.5040031E8 8.46453398E8 1.026224296E9 
1.018467994E9 5.97709214E8 8.84492194E8 1.012922638E9 7.89721364E8 9.67373998E8 9.90042014E8 9.5017581E8 8.466296E8 1.02622447E9 
1.018116008E9 5.97795312E8 8.84373726E8 1.013189974E9 7.8964144E8 9.6754206E8 9.90089462E8 9.50251198E8 8.466647E8 1.026225556E9 
1.018250578E9 5.97823168E8 8.84505494E8 1.013058968E9 7.8961352E8 9.674614E8 9.9001957E8 9.50279166E8 8.46571776E8 1.026225712E9 
1.01825604E9 5.97739368E8 8.84543354E8 1.01289523E9 7.89843016E8 9.67594496E8 9.89825012E8 9.50354524E8 8.46522698E8 1.026230124E9 
1.018376152E9 5.97789154E8 8.8459712E8 1.012916922E9 7.89600196E8 9.67360386E8 9.90032436E8 9.50349736E8 8.46493134E8 1.026230828E9 
1.01818431E9 5.97715978E8 8.84533254E8 1.01303011E9 7.89770106E8 9.67459642E8 9.90165436E8 9.50239778E8 8.46533102E8 1.026230984E9 
1.018298016E9 5.9780872E8 8.84487224E8 1.013097826E9 7.89584306E8 9.67411402E8 9.90081422E8 9.5023338E8 8.46641076E8 1.02623154E9 
1.018343564E9 5.97705976E8 8.84422994E8 1.01306901E9 7.8975629E8 9.67493378E8 9.90031074E8 9.5009949E8 8.46657488E8 1.026233012E9 
1.01827025E9 5.97759858E8 8.84609696E8 1.01272769E9 7.89886204E8 9.67500836E8 9.89911866E8 9.50551976E8 8.46313546E8 1.026234026E9 
1.01842359E9 5.97774706E8 8.8457885E8 1.01295578E9 7.89570982E8 9.67310388E8 9.90094288E8 9.5030395E8 8.46562434E8 1.026236656E9 
1.018431276E9 5.97651554E8 8.84536492E8 1.0127517E9 7.89783838E8 9.67456526E8 9.9005143E8 9.50397682E8 8.4642697E8 1.02623666E9 
1.01827105E9 5.9770219E8 8.8444909E8 1.013077498E9 7.89732918E8 9.67512574E8 9.90018196E8 9.50082868E8 8.4667652E8 1.02623712E9 
1.018369886E9 5.97649806E8 8.8448295E8 1.012883568E9 7.89770012E8 9.67601444E8 9.89901842E8 9.50246014E8 8.46555912E8 1.02624014E9 
1.018187074E9 5.97781742E8 8.84547932E8 1.013064266E9 7.89605488E8 9.6749892E8 9.9000861E8 9.50242662E8 8.46547368E8 1.026243454E9 
1.018413792E9 5.97717316E8 8.8447013E8 1.012943804E9 7.89764078E8 9.67349806E8 9.90180346E8 9.50237024E8 8.46536156E8 1.026243512E9 
1.018467496E9 5.9779385E8 8.84543934E8 1.0128466E9 7.89688378E8 9.67275104E8 9.9005832E8 9.50391142E8 8.46532856E8 1.026245682E9 
1.01858846E9 5.9776344E8 8.84455224E8 1.012711158E9 7.89715658E8 9.67374382E8 9.89931304E8 9.50478474E8 8.46505662E8 1.026245958E9 
1.018417324E9 5.97635358E8 8.8446468E8 1.012922426E9 7.89740798E8 9.67551446E8 9.89963694E8 9.50200228E8 8.46625212E8 1.026245968E9 
1.018081172E9 5.97752446E8 8.84560508E8 1.012875034E9 7.89891496E8 9.6763937E8 9.8988804E8 9.50444902E8 8.4636778E8 1.026246652E9 
1.018341278E9 5.9771353E8 8.84496226E8 1.012952292E9 7.89740706E8 9.67369002E8 9.90167468E8 9.50220402E8 8.46555188E8 1.02624762E9 
1.018208562E9 5.97663292E8 8.84782254E8 1.01277085E9 7.89794376E8 9.67454976E8 9.90030892E8 9.50265354E8 8.46640624E8 1.02624913E9 
1.0183499E9 5.97729008E8 8.845102E8 1.012871638E9 7.89758632E8 9.6757869E8 9.89888282E8 9.50285482E8 8.46585794E8 1.02624919E9 
1.018234512E9 5.97767294E8 8.84529662E8 1.013103124E9 7.89576274E8 9.67448922E8 9.90070462E8 9.50196876E8 8.46616668E8 1.026249282E9 
1.018089658E9 5.97558218E8 8.84689032E8 1.013030026E9 7.89816134E8 9.67517668E8 9.90119408E8 9.50250502E8 8.4655679E8 1.026253816E9 
1.018616798E9 5.97642074E8 8.84392736E8 1.012722172E9 7.89828794E8 9.67425514E8 9.89929922E8 9.50268044E8 8.4661772E8 1.026257342E9 
1.01813594E9 5.9774461E8 8.84688522E8 1.013046954E9 7.89648168E8 9.67496672E8 9.89959982E8 9.50329358E8 8.46625346E8 1.026257594E9 
1.018278418E9 5.97786438E8 8.84494746E8 1.012993944E9 7.8969367E8 9.67413638E8 9.90034494E8 9.50284068E8 8.4658709E8 1.026258308E9 
1.018144334E9 5.97706506E8 8.84453122E8 1.013107152E9 7.8975226E8 9.67507578E8 9.9014365E8 9.5012746E8 8.46602108E8 1.02626027E9 
1.018365072E9 5.97836004E8 8.84576336E8 1.012702516E9 7.89809844E8 9.6745496E8 9.89781498E8 9.50596266E8 8.4637874E8 1.026262144E9 
1.018243598E9 5.97654122E8 8.84487304E8 1.0129123E9 7.8978913E8 9.67595068E8 9.9002744E8 9.50290608E8 8.46481204E8 1.026263574E9 
1.018524956E9 5.97722014E8 8.84497662E8 1.012716456E9 7.89707626E8 9.67411902E8 9.89920344E8 9.5044197E8 8.46481254E8 1.0262637E9 
1.018372844E9 5.9763609E8 8.84699712E8 1.012846516E9 7.89734406E8 9.6733313E8 9.90012292E8 9.50401866E8 8.46556544E8 1.026268514E9 
1.018301946E9 5.97818392E8 8.84372176E8 1.013065688E9 7.89683856E8 9.67424054E8 9.90023668E8 9.50208254E8 8.46680504E8 1.026269852E9 
1.0185079E9 5.97787776E8 8.84431622E8 1.012907638E9 7.89687642E8 9.67303802E8 9.90049404E8 9.50281314E8 8.46590144E8 1.026270836E9 
1.018400782E9 5.97766008E8 8.84406036E8 1.012871758E9 7.8972095E8 9.67512924E8 9.89907314E8 9.503714E8 8.46559896E8 1.026272872E9 
1.018435386E9 5.9778399E8 8.84457718E8 1.012916126E9 7.8966427E8 9.67322998E8 9.90036526E8 9.50264692E8 8.46609176E8 1.026274944E9 
1.018223432E9 5.97814144E8 8.84508878E8 1.012888718E9 7.89785922E8 9.67543496E8 9.89819524E8 9.50443406E8 8.46502274E8 1.026280598E9 
1.01849051E9 5.9764639E8 8.8439709E8 1.012750904E9 7.89847912E8 9.67419138E8 9.9005552E8 9.50312638E8 8.46543012E8 1.026280776E9 
1.018183766E9 5.97628678E8 8.84650524E8 1.01299386E9 7.89739698E8 9.67471664E8 9.89988466E8 9.50294792E8 8.46610778E8 1.02628114E9 
1.018100596E9 5.9763997E8 8.84716314E8 1.01301091E9 7.89670856E8 9.67555832E8 9.90117848E8 9.5017372E8 8.46570564E8 1.026282592E9 
1.018310956E9 5.97780752E8 8.84388518E8 1.013062498E9 7.89699196E8 9.67442378E8 9.90025586E8 9.50188372E8 8.46637064E8 1.026283486E9 
1.018421254E9 5.9764503E8 8.84349632E8 1.012890288E9 7.89840348E8 9.67564098E8 9.8990594E8 9.50175102E8 8.4666464E8 1.02628428E9 
1.01823215E9 5.9761289E8 8.8462822E8 1.013033126E9 7.89710388E8 9.67432038E8 9.90050668E8 9.50261752E8 8.46678176E8 1.026286964E9 
1.018238442E9 5.97776966E8 8.84414614E8 1.013070986E9 7.89675824E8 9.67461574E8 9.90012708E8 9.5017175E8 8.46656096E8 1.026287594E9 
1.018337278E9 5.97724582E8 8.84448474E8 1.012877056E9 7.89712918E8 9.67550444E8 9.89896354E8 9.50334896E8 8.46535488E8 1.026290614E9 
1.018246128E9 5.97640406E8 8.84703744E8 1.01287617E9 7.89753748E8 9.67328134E8 9.90137746E8 9.50446458E8 8.46482132E8 1.026291664E9 
1.018521648E9 5.9756895E8 8.84600254E8 1.01264605E9 7.89841836E8 9.67384646E8 9.899002E8 9.504941E8 8.46544664E8 1.026301386E9 
1.01805705E9 5.97632994E8 8.84654556E8 1.013023514E9 7.8975904E8 9.67466668E8 9.9011392E8 9.50339384E8 8.46536366E8 1.02630429E9 
1.018428622E9 5.97729278E8 8.84395288E8 1.012806734E9 7.898011E8 9.67465162E8 9.89922238E8 9.50376302E8 8.4657521E8 1.026305468E9 
1.018294966E9 5.97649346E8 8.84353986E8 1.01291902E9 7.89859466E8 9.67557722E8 9.90031538E8 9.50219696E8 8.46589932E8 1.026307714E9 
1.018194704E9 5.9771043E8 8.84677806E8 1.012974744E9 7.8959442E8 9.67509828E8 9.89986906E8 9.5021801E8 8.46624552E8 1.026309916E9 
1.018172686E9 5.97675528E8 8.8462974E8 1.012779454E9 7.89949346E8 9.67566238E8 9.89737528E8 9.50541322E8 8.46496384E8 1.026312456E9 
1.018251212E9 5.97573186E8 8.84617994E8 1.012800632E9 7.89778074E8 9.67605954E8 9.9000549E8 9.50266676E8 8.46558416E8 1.026315748E9 
1.018174718E9 5.97789632E8 8.84705056E8 1.012962814E9 7.8958304E8 9.67487074E8 9.89973346E8 9.50257478E8 8.46654434E8 1.026318966E9 
1.018340236E9 5.97710866E8 8.84665236E8 1.012840004E9 7.89677312E8 9.6728213E8 9.90006804E8 9.50490748E8 8.4653612E8 1.026318988E9 
1.018234862E9 5.97623916E8 8.84518438E8 1.013000682E9 7.89810034E8 9.67444894E8 9.89992566E8 9.50227736E8 8.46723052E8 1.026325274E9 
1.01833397E9 5.97571518E8 8.84551066E8 1.01280665E9 7.89847128E8 9.67523188E8 9.8987621E8 9.50387026E8 8.46598898E8 1.0263283E9 
1.018151158E9 5.97703454E8 8.84616048E8 1.012987348E9 7.89682604E8 9.67420664E8 9.89982978E8 9.50383674E8 8.46590354E8 1.026331614E9 
1.018388646E9 5.97719806E8 8.84315156E8 1.012883776E9 7.89783254E8 9.67513098E8 9.89900452E8 9.50263984E8 8.46644216E8 1.026334754E9 
1.018199542E9 5.97687666E8 8.84593744E8 1.013026614E9 7.89653294E8 9.67381038E8 9.9004518E8 9.50350634E8 8.46657752E8 1.026337438E9 
1.018183624E9 5.9775728E8 8.84657022E8 1.012760338E9 7.89804068E8 9.67604402E8 9.89735968E8 9.5046454E8 8.46510158E8 1.026341232E9 
1.01823964E9 5.97756196E8 8.84689528E8 1.012901468E9 7.89527088E8 9.67411338E8 9.90051256E8 9.50395306E8 8.46588768E8 1.026342786E9 
1.018344892E9 5.97643646E8 8.84579164E8 1.012765388E9 7.89701862E8 9.6756133E8 9.89874404E8 9.50310964E8 8.466127E8 1.026342788E9 
1.01848904E9 5.97643726E8 8.84565778E8 1.012639538E9 7.89784742E8 9.67333646E8 9.89894712E8 9.50582982E8 8.4652424E8 1.02635186E9 
1.018209534E9 5.97770758E8 8.8462506E8 1.01300709E9 7.89508112E8 9.6740883E8 9.9004327E8 9.50261106E8 8.46673428E8 1.026366218E9 
1.018202254E9 5.97698692E8 8.84483962E8 1.01299417E9 7.8975294E8 9.67393894E8 9.89987078E8 9.50316618E8 8.46702628E8 1.026375748E9 
1.018301362E9 5.97646294E8 8.8451659E8 1.012800138E9 7.89790034E8 9.67472188E8 9.89870722E8 9.50475908E8 8.46578474E8 1.026378774E9 
1.018158788E9 5.97632142E8 8.84745922E8 1.012897826E9 7.89671536E8 9.67431572E8 9.89961274E8 9.50359022E8 8.46667538E8 1.026398076E9 


