#Tue May 14 13:13:19 EST 2013
mating_pool=80
mutation_dist=3
algo_name=IBEA_eps
stopping_criterion=1000000
comparator=multiObjective.EpsIndComparator
sol_type=solver.mosolver.IBEASolution
algo_type=solver.mosolver.GenericNoDuplicatesMOGA
logging=false
rand_seed_for_pop=888
desired_solutions=5,10,15
problemfile=50fac5to20obj\\\\50fac10obj.txt
o=2
HV_sample=100000
runs=30
k=10
rand_seed=clock
problemtype=MOQAP
tournament_size=2
vads=true
mutation_prob=0.1
reweighting_interval=100
c=8
crossover_prob=0.01
delta=10
targets=50
population=100
Used function evaluations: 1000000

Complete Population
1.039467858E9 6.62777412E8 8.42274738E8 1.015598284E9 8.76790336E8 9.47150678E8 1.116948064E9 1.026584332E9 9.82519384E8 9.6325286E8 
1.021661534E9 7.02424756E8 9.64521114E8 1.19536748E9 8.93637024E8 9.7589073E8 9.1979325E8 1.03242053E9 9.2035214E8 9.97604448E8 
1.067829754E9 6.44235706E8 8.68049004E8 1.07118398E9 8.3925112E8 9.81382796E8 1.072404662E9 1.021435724E9 9.3289668E8 1.0011305E9 
1.071139164E9 6.41857864E8 8.5539556E8 1.039818952E9 8.27493634E8 9.71957252E8 1.118597992E9 1.02440477E9 9.68340678E8 1.003267662E9 
1.118707336E9 6.07871646E8 9.72991724E8 1.297875386E9 8.5053554E8 1.003087148E9 9.68921152E8 1.013343092E9 1.018387746E9 1.008225644E9 
9.2415912E8 7.22003374E8 8.58612004E8 9.720861E8 8.53404162E8 9.91099626E8 1.112220218E9 1.124607084E9 1.070778042E9 1.008800382E9 
9.42110152E8 7.4266091E8 9.2018496E8 1.085762552E9 8.63437156E8 1.085899066E9 1.093881716E9 1.022799462E9 1.064588158E9 1.010636522E9 
9.35628378E8 7.45406506E8 8.61995434E8 9.82192986E8 8.59240204E8 9.89853892E8 1.123990182E9 1.096391998E9 1.041188508E9 1.014381402E9 
9.09420854E8 7.19826328E8 9.2520175E8 1.073207136E9 8.99418694E8 1.092801568E9 1.087265784E9 1.022094324E9 1.03627057E9 1.01505023E9 
1.023240676E9 6.98405268E8 9.70504536E8 1.186946502E9 8.91634504E8 9.47752182E8 9.38693894E8 1.033383754E9 9.10391648E8 1.016165296E9 
9.93575886E8 7.01732256E8 9.81554926E8 1.13967768E9 8.75553748E8 9.71786392E8 9.54840916E8 1.109338418E9 9.55338342E8 1.017558636E9 
1.027053464E9 6.62878914E8 1.015751942E9 1.211766604E9 8.62043536E8 9.11148462E8 1.021487992E9 1.05670946E9 9.91043488E8 1.019182436E9 
1.049045206E9 5.97408496E8 9.4622056E8 1.26149248E9 9.35914918E8 9.65511578E8 9.98270498E8 1.020822328E9 9.74548818E8 1.02327522E9 
9.55329152E8 7.48505928E8 9.24464E8 9.9818522E8 8.3138855E8 1.008701164E9 1.080906546E9 1.102660034E9 1.087013E9 1.02365326E9 
9.80254074E8 7.19749684E8 1.000430944E9 1.181500854E9 9.86518718E8 8.78632824E8 9.75431234E8 9.48635832E8 1.031685704E9 1.026343514E9 
9.41606384E8 7.05110878E8 9.97695064E8 1.21394859E9 9.95211662E8 8.56382844E8 9.97006878E8 9.33852602E8 1.036532086E9 1.027310698E9 
1.101225516E9 6.7396092E8 8.47773926E8 1.08846852E9 7.83342498E8 9.92556262E8 1.068279132E9 1.028023216E9 9.40699332E8 1.028961294E9 
8.84856194E8 7.33000756E8 9.58715578E8 1.081764724E9 8.39807456E8 1.063564888E9 1.028888092E9 1.128879264E9 1.000869114E9 1.032739366E9 
1.04655495E9 7.18199572E8 1.014863382E9 1.160462252E9 8.5881364E8 9.4576571E8 9.12754662E8 1.083916086E9 9.13086316E8 1.03707627E9 
1.02875557E9 7.73862662E8 1.00263098E9 1.178881836E9 9.41784708E8 8.72548926E8 9.7113416E8 9.90762584E8 1.014107982E9 1.037230856E9 
1.063217456E9 7.34975804E8 8.67764996E8 1.09842067E9 7.94423866E8 1.00317125E9 1.077542752E9 1.030990026E9 9.8203857E8 1.037432784E9 
9.3172939E8 6.64306576E8 8.9108529E8 1.095943708E9 1.022134434E9 9.34773838E8 1.048754808E9 1.037317606E9 9.42000342E8 1.038468146E9 
1.05808406E9 6.76365222E8 9.47922216E8 1.116404844E9 9.22772418E8 9.06327566E8 1.03114442E9 1.068321812E9 8.84771552E8 1.038667312E9 
9.09846086E8 7.28693624E8 9.80100734E8 1.078675018E9 8.45720838E8 1.058644308E9 1.00287588E9 1.143300382E9 1.02556154E9 1.040746348E9 
9.23191722E8 6.50094434E8 9.31453426E8 1.10203966E9 1.02825474E9 9.48789748E8 1.072085818E9 1.040468702E9 9.9687984E8 1.04078644E9 
9.9222602E8 6.27427684E8 1.015285382E9 1.220396322E9 8.6662459E8 9.86504424E8 9.6009756E8 1.002193586E9 1.01989988E9 1.043108672E9 
9.11306868E8 7.10315112E8 9.08457024E8 1.066513616E9 9.13396802E8 1.091694206E9 1.070719092E9 9.80716874E8 1.046073396E9 1.046314154E9 
1.055873904E9 5.8633442E8 9.7693423E8 1.27242259E9 9.25763434E8 9.88435422E8 9.47067192E8 9.94026748E8 1.012435188E9 1.04653471E9 
9.68384446E8 7.03947586E8 9.42567604E8 1.164101894E9 9.3986227E8 8.69598904E8 1.092494476E9 1.08591822E9 9.11743208E8 1.047953762E9 
9.87082606E8 6.70437728E8 1.003324522E9 1.09785268E9 9.4194314E8 8.63219048E8 1.074642604E9 1.06966537E9 8.57789038E8 1.049666706E9 
1.00735802E9 6.41215016E8 1.005892992E9 1.194102362E9 8.73729816E8 8.99993868E8 1.044130564E9 1.046983338E9 9.41415174E8 1.053839852E9 
1.007436518E9 6.97674224E8 8.89944326E8 1.065433138E9 8.6491693E8 9.92165674E8 1.06695836E9 9.1217936E8 9.42071262E8 1.057047118E9 
9.5990848E8 6.89789156E8 1.00967625E9 1.102372338E9 8.92364492E8 8.76826426E8 1.10516205E9 1.087728762E9 8.54642118E8 1.057132428E9 
1.025672836E9 6.63675908E8 9.32275038E8 1.127797424E9 9.20102474E8 9.13201942E8 1.029388422E9 1.038409162E9 9.1520031E8 1.058240548E9 
9.0752324E8 7.2975958E8 9.81233408E8 1.118779696E9 8.64655958E8 1.095471812E9 1.022476872E9 1.151308454E9 9.55349E8 1.058248156E9 
9.76964258E8 7.38763588E8 9.07980606E8 1.062327012E9 8.79265104E8 1.021509888E9 1.103394296E9 9.39798304E8 9.4226027E8 1.059181524E9 
1.053616056E9 5.94051222E8 9.85177304E8 1.269152538E9 9.6134026E8 1.014820968E9 9.41377494E8 9.86383816E8 9.81042886E8 1.059793762E9 
1.124753344E9 6.75907304E8 8.9825282E8 1.04225536E9 8.56831518E8 1.031165126E9 9.5806517E8 1.149354428E9 9.81821486E8 1.059964574E9 
1.014833522E9 6.1939078E8 1.008703644E9 1.231072052E9 8.58771176E8 9.81030722E8 9.52726026E8 9.78128128E8 1.000312786E9 1.063572014E9 
9.78051218E8 7.02252898E8 1.011708272E9 1.078725296E9 8.73911632E8 9.27430796E8 1.107238564E9 1.07820986E9 8.66563834E8 1.066041094E9 
1.007061896E9 7.5080222E8 1.051665938E9 1.140189226E9 9.3153149E8 8.72061962E8 9.99794652E8 9.91427508E8 9.94057478E8 1.066179012E9 
9.50351928E8 7.29252328E8 9.68516036E8 1.084137344E9 7.97507518E8 1.088239856E9 1.020412786E9 1.07404882E9 1.067475436E9 1.070665996E9 
1.010992252E9 7.02498518E8 8.80418946E8 1.094583446E9 8.96782978E8 9.78665268E8 1.03642476E9 9.47821428E8 9.51516654E8 1.071983836E9 
1.018686944E9 6.92182388E8 9.08680124E8 1.10646223E9 8.74972324E8 1.013672092E9 1.022121664E9 9.32204502E8 9.50851138E8 1.078734062E9 
1.019954432E9 7.6013454E8 8.5877407E8 1.018920732E9 8.72341226E8 9.93521938E8 1.015202646E9 9.92428114E8 9.76040152E8 1.079335682E9 
1.03340575E9 7.76371104E8 8.83483426E8 9.92343908E8 8.5333496E8 1.011928014E9 9.99661812E8 1.020697168E9 1.02335951E9 1.07961011E9 
1.03586038E9 6.33131892E8 8.5813405E8 9.98119666E8 9.54899144E8 1.01757559E9 1.032900456E9 1.004770144E9 9.73021612E8 1.079658748E9 
9.61236942E8 7.24792872E8 9.45420724E8 1.163272482E9 1.05372029E9 8.5684886E8 1.077908242E9 1.014969544E9 1.03414723E9 1.080176306E9 
9.49272076E8 7.22544942E8 9.94695676E8 1.12164035E9 7.87004812E8 1.018179474E9 1.12367913E9 1.072222216E9 1.032888284E9 1.081164754E9 
9.49856434E8 7.04081988E8 9.09730598E8 1.119032556E9 1.07989918E9 8.66300604E8 1.053285198E9 1.000278784E9 9.9668147E8 1.082911538E9 
9.32326712E8 7.21010412E8 8.91511796E8 1.06388617E9 9.99552262E8 9.5774729E8 1.081726842E9 9.23338374E8 9.55537358E8 1.085655528E9 
9.59887194E8 6.97066676E8 8.84676872E8 1.124160802E9 1.073351286E9 8.92120178E8 1.047728798E9 9.84584018E8 1.044992864E9 1.089989412E9 
1.019289874E9 6.57993918E8 8.74255342E8 1.028993596E9 9.8264619E8 1.020144094E9 9.97269884E8 1.010968126E9 9.86124908E8 1.092095174E9 
1.125534202E9 6.5970836E8 1.031032192E9 1.075285938E9 7.86269618E8 1.030400902E9 9.48470512E8 1.09177069E9 9.66155548E8 1.095655848E9 
9.96358922E8 6.66685216E8 1.008085586E9 1.204294658E9 9.9757028E8 8.41453082E8 9.98456638E8 9.8839336E8 1.055451722E9 1.09818584E9 
1.02550786E9 6.88301746E8 8.64298348E8 1.03229693E9 9.22957192E8 1.010781998E9 1.05515511E9 1.036422986E9 9.00358608E8 1.100296476E9 
1.08571308E9 6.97513478E8 9.22927516E8 1.085939456E9 8.4455877E8 1.03131322E9 9.58940052E8 1.070722446E9 9.83268744E8 1.101611174E9 
9.59653544E8 6.83186968E8 1.025001376E9 1.154402426E9 8.67878948E8 9.50331996E8 9.89077354E8 1.02503333E9 9.39250256E8 1.106159324E9 
1.127960882E9 6.47737928E8 9.44523832E8 1.193592582E9 9.11556836E8 9.71644798E8 8.6988152E8 1.055856216E9 9.77215392E8 1.106237428E9 
1.092197806E9 6.4755533E8 8.64827272E8 9.9708754E8 9.65872648E8 1.017176972E9 1.030604624E9 1.008604632E9 9.2328075E8 1.109740874E9 
9.86950076E8 7.07561634E8 8.84378488E8 1.042305538E9 9.19663396E8 1.035344238E9 1.149971532E9 1.110772842E9 8.95322906E8 1.110634014E9 
9.0692745E8 7.29398476E8 8.96426006E8 1.11191857E9 9.62619224E8 9.44377006E8 1.071208762E9 9.4720831E8 9.19976982E8 1.116381322E9 
1.05240922E9 6.47908166E8 1.0129224E9 1.235738758E9 9.30125308E8 9.53684172E8 8.96520048E8 1.024919056E9 9.2911631E8 1.11962021E9 
1.119326282E9 6.56374698E8 9.20754658E8 1.067450214E9 8.89786028E8 1.058435664E9 9.65616292E8 1.123940352E9 1.03080305E9 1.120628226E9 
9.0100308E8 7.10730802E8 9.00817378E8 1.092096148E9 9.84830192E8 9.32928406E8 1.058568348E9 9.15451634E8 9.33729158E8 1.12103726E9 
1.051500192E9 7.05475558E8 1.018257004E9 1.08950416E9 8.38859566E8 1.00572962E9 9.01738078E8 1.103957948E9 8.73786078E8 1.121051784E9 
9.46189946E8 6.88823484E8 8.86788568E8 1.033679134E9 8.95773398E8 9.99213336E8 1.115247666E9 1.129596202E9 1.009283144E9 1.12277762E9 
1.12108047E9 6.6208852E8 9.08874674E8 1.17657005E9 9.14959524E8 9.74823302E8 9.00311046E8 1.0762458E9 9.7058119E8 1.12309301E9 
1.063784886E9 7.03874554E8 1.034194944E9 1.109062854E9 7.81029046E8 9.73147864E8 9.33472092E8 1.10097306E9 9.17084322E8 1.12368495E9 
1.116496744E9 6.67566522E8 8.9905481E8 1.174066802E9 9.52361506E8 1.012021306E9 8.9470357E8 1.042349252E9 1.016470312E9 1.123792518E9 
1.087016784E9 6.5222864E8 8.52548372E8 1.008579384E9 9.25270248E8 1.021010626E9 1.05797161E9 1.013048742E9 9.57384592E8 1.124260004E9 
9.4217306E8 7.52072456E8 8.76891608E8 1.024219732E9 8.89763092E8 1.008133052E9 1.027559724E9 1.088453654E9 1.02067354E9 1.125798222E9 
1.104751826E9 6.53489176E8 8.89729896E8 1.169204622E9 9.33579628E8 9.48732744E8 9.39740736E8 1.082868142E9 1.001101442E9 1.132866022E9 
1.096066576E9 6.43963436E8 9.70639328E8 1.211001936E9 9.25482036E8 9.85837074E8 9.02951746E8 1.027015688E9 9.09570922E8 1.133485504E9 
1.055655042E9 7.0266515E8 1.024862446E9 1.163555032E9 7.80250556E8 9.44646794E8 9.25870006E8 1.105896732E9 9.1050733E8 1.1353651E9 
9.61020726E8 7.16508302E8 9.1318802E8 1.078975264E9 9.9876164E8 9.43317906E8 1.015453168E9 9.47812754E8 9.3772888E8 1.138546406E9 
1.014127516E9 7.04817274E8 8.69569826E8 1.041385504E9 8.91046648E8 1.030734924E9 1.145901882E9 1.09681827E9 8.69420304E8 1.141095478E9 
1.064930866E9 6.73552354E8 1.019092614E9 1.198210072E9 8.92771512E8 9.8032156E8 8.68456886E8 1.02304144E9 9.5634195E8 1.141896942E9 
9.5047918E8 6.95752626E8 1.005569508E9 1.110756972E9 7.78919824E8 9.5781523E8 1.052313284E9 1.032864614E9 9.56055916E8 1.144758108E9 
9.62434148E8 6.30922176E8 9.63651048E8 1.217143878E9 8.69539888E8 8.8229693E8 1.058745236E9 1.084514452E9 9.40954808E8 1.145150562E9 
1.125483262E9 7.07265186E8 9.79320036E8 1.14254509E9 9.17442042E8 9.79605108E8 9.00054968E8 1.079228114E9 8.6372125E8 1.14716427E9 
9.57689192E8 7.2328428E8 9.86245754E8 1.122119894E9 7.94460358E8 9.75247468E8 1.088654452E9 1.065317138E9 9.98224264E8 1.147738676E9 
1.004113098E9 7.08615774E8 9.7970792E8 1.112676434E9 7.8971555E8 9.3346554E8 1.069866492E9 1.058804404E9 9.86522534E8 1.15106388E9 
1.08108934E9 6.50124932E8 9.35725424E8 9.89614916E8 9.93456186E8 1.014758432E9 1.061648588E9 1.004774304E9 8.89500036E8 1.15529599E9 
1.016983868E9 6.22401222E8 1.01363676E9 9.94533088E8 9.32881462E8 1.069404838E9 1.056668516E9 9.66718098E8 1.002831018E9 1.155533846E9 
9.44062556E8 6.85644436E8 1.021565084E9 1.129808814E9 8.06482918E8 9.51455522E8 1.018906568E9 1.02051347E9 9.5481556E8 1.155681148E9 
9.79262556E8 6.73892366E8 9.4633989E8 1.030576884E9 9.10132632E8 9.94418408E8 1.05918032E9 1.07049461E9 8.95851918E8 1.165363354E9 
9.67182264E8 6.98221394E8 1.006747624E9 1.199820954E9 8.50662784E8 9.32444068E8 9.19033234E8 1.028016926E9 1.008860614E9 1.166346042E9 
1.017926296E9 6.77359948E8 9.54578018E8 1.1105908E9 7.9109461E8 1.072385506E9 1.107880604E9 9.5164018E8 9.99533288E8 1.169746538E9 
1.122298342E9 6.6721897E8 9.65867048E8 1.12586844E9 9.1083273E8 9.60388426E8 9.12006556E8 1.108142184E9 8.56562184E8 1.174046676E9 
9.84830106E8 6.93469104E8 9.58849464E8 1.133467186E9 8.105898E8 1.062337026E9 1.119968938E9 9.44756144E8 1.015835846E9 1.187055874E9 
1.03069566E9 6.2241487E8 9.69526342E8 1.033171316E9 9.17304038E8 1.106329852E9 1.040672596E9 9.69796678E8 9.94341128E8 1.193906568E9 
1.078526936E9 6.89403182E8 9.4377661E8 1.129565394E9 9.0956463E8 9.90113478E8 8.94046726E8 1.143614438E9 8.44177274E8 1.205377474E9 
9.45791936E8 6.72725074E8 1.023319272E9 1.208662894E9 8.83854536E8 9.80410354E8 9.35306698E8 1.071542714E9 9.54819266E8 1.217126878E9 
1.094516568E9 8.18980628E8 8.9312905E8 1.05093132E9 8.97549124E8 1.000829092E9 9.45148656E8 1.032129804E9 8.62048046E8 1.225464338E9 
1.013970792E9 7.5071471E8 9.5334179E8 1.201459674E9 7.79784422E8 1.12059297E9 1.042114734E9 9.7828727E8 1.040074226E9 1.233190522E9 
1.050647026E9 7.5318815E8 9.46143838E8 1.130799774E9 9.15621816E8 9.46449432E8 9.07790108E8 1.152736142E9 9.01862908E8 1.234751594E9 
1.071979154E9 8.29181672E8 9.4512087E8 1.081340668E9 9.76361602E8 9.915924E8 8.76032596E8 9.9522217E8 9.22952584E8 1.237060464E9 
1.09429659E9 7.71719322E8 9.60142004E8 1.096544702E9 9.19719582E8 1.000760838E9 9.27948584E8 1.01817327E9 8.89901076E8 1.242023386E9 
1.011939346E9 7.64840148E8 9.51758904E8 1.18660508E9 7.91672894E8 1.078947174E9 1.044238682E9 9.90817136E8 1.061019322E9 1.251755416E9 


