#Tue May 14 09:32:02 EST 2013
mating_pool=80
mutation_dist=3
algo_name=RWZ
stopping_criterion=1000000
comparator=multiObjective.RWZComparator
sol_type=solver.mosolver.RWZSolution
algo_type=solver.mosolver.RankingMOGA
logging=false
rand_seed_for_pop=888
range_subdivisions=10
desired_solutions=5,10,15
problemfile=50fac5to20obj\\\\50fac10obj.txt
o=2
HV_sample=100000
runs=30
k=10
rand_seed=clock
problemtype=MOQAP
tournament_size=2
vads=true
mutation_prob=0.1
reweighting_interval=100
c=8
crossover_prob=0.01
delta=10
population=100
Used function evaluations: 1000000

Complete Population
1.03520881E9 6.1676144E8 8.85379906E8 9.99975698E8 8.06144948E8 9.01759388E8 1.035952844E9 9.3761234E8 8.19506944E8 9.25230926E8 
1.034887164E9 6.17542386E8 8.86073606E8 9.9858461E8 8.04013526E8 9.00885484E8 1.035578188E9 9.38762088E8 8.20321966E8 9.26199142E8 
1.037499836E9 6.17286536E8 8.84839496E8 9.95990922E8 8.01937566E8 9.03942332E8 1.033059782E9 9.43907584E8 8.21228848E8 9.26717262E8 
1.037412566E9 6.17216872E8 8.85113908E8 9.9591515E8 8.01743326E8 9.04356104E8 1.03314281E9 9.43664078E8 8.20924714E8 9.26780722E8 
1.035895034E9 6.16618126E8 8.86386924E8 9.95458512E8 8.00778706E8 9.04315774E8 1.03215183E9 9.43641E8 8.21294632E8 9.26811108E8 
1.0375017E9 6.17233594E8 8.84853536E8 9.95807444E8 8.01662826E8 9.0400851E8 1.033215772E9 9.43779196E8 8.21084762E8 9.26936252E8 
1.03574997E9 6.15974322E8 8.85792208E8 9.99356608E8 8.08351898E8 9.0161892E8 1.035979472E9 9.35508864E8 8.18623012E8 9.26943798E8 
1.034887948E9 6.1660947E8 8.87399296E8 9.9746372E8 8.06152954E8 9.03817684E8 1.034787476E9 9.3876313E8 8.16998088E8 9.27078228E8 
1.035972714E9 6.17400776E8 8.86398508E8 9.95192464E8 7.99991716E8 9.04657054E8 1.032458402E9 9.43148298E8 8.20405012E8 9.27677844E8 
1.035774028E9 6.17386574E8 8.86285022E8 9.9497064E8 7.99916352E8 9.04552084E8 1.032488988E9 9.43262186E8 8.20799374E8 9.27733164E8 
1.035584082E9 6.17312028E8 8.86479254E8 9.95198814E8 7.99847282E8 9.0434844E8 1.032302418E9 9.4342901E8 8.20839616E8 9.2783983E8 
1.034870212E9 6.18172408E8 8.85134724E8 9.93658E8 8.01956644E8 9.08648942E8 1.032040016E9 9.43831726E8 8.22913514E8 9.27878824E8 
1.034291372E9 6.17937646E8 8.86917542E8 9.9737217E8 8.04009974E8 9.00866698E8 1.03506551E9 9.37647446E8 8.20181826E8 9.27905392E8 
1.034156182E9 6.17938674E8 8.87043386E8 9.97624052E8 8.03918094E8 9.00598164E8 1.034921478E9 9.3773953E8 8.20179206E8 9.2790655E8 
1.034556092E9 6.17873994E8 8.86875594E8 9.97740074E8 8.04296918E8 9.00819482E8 1.034983366E9 9.37434464E8 8.19603234E8 9.27980214E8 
1.034363886E9 6.18147416E8 8.86657414E8 9.98520608E8 8.03780694E8 9.00876796E8 1.035013664E9 9.37570136E8 8.20549346E8 9.28018998E8 
1.034361998E9 6.17847472E8 8.86772908E8 9.9739777E8 8.0422469E8 9.0071424E8 1.035152784E9 9.37702624E8 8.19997468E8 9.2802667E8 
1.034219454E9 6.17756816E8 8.86625468E8 9.97633304E8 8.0432879E8 9.00649546E8 1.03512401E9 9.37814384E8 8.20012772E8 9.28033416E8 
1.03476783E9 6.17311438E8 8.87673692E8 9.97445444E8 8.05522036E8 9.03930156E8 1.034693022E9 9.38185686E8 8.16150368E8 9.28057544E8 
1.03417204E9 6.17772932E8 8.869672E8 9.97631758E8 8.0415554E8 9.0050703E8 1.034977038E9 9.3786909E8 8.20039254E8 9.2813395E8 
1.034164686E9 6.17681248E8 8.86693916E8 9.9761541E8 8.0435152E8 9.0071087E8 1.035092296E9 9.37888766E8 8.20057178E8 9.28139538E8 
1.035670626E9 6.17938554E8 8.85647038E8 9.94291098E8 8.01089906E8 9.07211646E8 1.032276356E9 9.4337106E8 8.19875378E8 9.28382782E8 
1.035470736E9 6.17927636E8 8.85543936E8 9.9409931E8 8.01014874E8 9.07107064E8 1.032273374E9 9.43484912E8 8.20267128E8 9.2841435E8 
1.035313804E9 6.17993032E8 8.85361022E8 9.94279158E8 8.0114595E8 9.07274806E8 1.03245947E9 9.43144272E8 8.2017478E8 9.28416392E8 
1.03438211E9 6.17041962E8 8.87896388E8 9.96165496E8 8.06315492E8 9.03857054E8 1.034366764E9 9.37524308E8 8.16561014E8 9.28849458E8 
1.034192204E9 6.1696393E8 8.88090384E8 9.96387584E8 8.06228538E8 9.0362824E8 1.03419135E9 9.37690842E8 8.16602812E8 9.28954842E8 
1.034172736E9 6.16827804E8 8.88324934E8 9.96431258E8 8.06372594E8 9.03417456E8 1.034186658E9 9.3786972E8 8.16715308E8 9.2900801E8 
1.032278476E9 6.2038303E8 8.90250522E8 9.96218408E8 8.0394779E8 9.07626622E8 1.029919018E9 9.34578138E8 8.22669898E8 9.29792082E8 
1.032959296E9 6.20159816E8 8.90040158E8 9.96667232E8 8.02980342E8 8.96024438E8 1.033201616E9 9.43423E8 8.22098876E8 9.31298418E8 
1.033887202E9 6.18021232E8 8.90243714E8 9.96123478E8 8.0230226E8 8.98239002E8 1.029326554E9 9.462115E8 8.231948E8 9.3164406E8 
1.033725676E9 6.17588032E8 8.8996302E8 9.95773482E8 8.0206579E8 8.99098804E8 1.029886154E9 9.45151702E8 8.23466726E8 9.32042546E8 
1.033623136E9 6.18492528E8 8.8856818E8 9.94811818E8 8.03026426E8 9.0222581E8 1.030258634E9 9.45540078E8 8.21588878E8 9.32101318E8 
1.03284127E9 6.17236188E8 8.90359198E8 9.96632642E8 8.01669728E8 8.98886646E8 1.03236406E9 9.4568622E8 8.21494452E8 9.3265588E8 
1.027895706E9 6.15861416E8 8.83666984E8 9.56499634E8 8.66470414E8 8.98391826E8 1.060205236E9 9.26085976E8 8.24765468E8 9.33493682E8 
1.032700592E9 6.20264952E8 8.90519014E8 9.95274198E8 8.04618368E8 8.99011432E8 1.03143471E9 9.43451474E8 8.22318806E8 9.34319468E8 
1.031643242E9 6.22102164E8 8.92209376E8 9.7069783E8 8.25213454E8 8.99616542E8 1.037797312E9 9.35511896E8 8.14938836E8 9.35649674E8 
1.029311346E9 6.2483397E8 8.98126928E8 9.68637748E8 8.2498202E8 8.97654916E8 1.034087848E9 9.35956502E8 8.1441869E8 9.35968426E8 
1.031073372E9 6.17406084E8 8.84933416E8 9.57203338E8 8.6400978E8 8.96228248E8 1.058670368E9 9.27362134E8 8.2579894E8 9.3623869E8 
1.028836518E9 6.247875E8 8.98243328E8 9.68610146E8 8.25374848E8 8.97549438E8 1.034278814E9 9.35681522E8 8.1440356E8 9.36378718E8 
1.029616362E9 6.2535637E8 8.97220106E8 9.69865862E8 8.23921122E8 8.96602008E8 1.034336004E9 9.36821894E8 8.14016902E8 9.3641668E8 
1.035004648E9 6.15654598E8 8.87914944E8 9.97774722E8 8.10312208E8 8.9619721E8 1.030864136E9 9.37064188E8 8.2568434E8 9.3668245E8 
1.029750486E9 6.17548318E8 8.85228164E8 9.57001076E8 8.6299642E8 8.99565682E8 1.06003367E9 9.2487754E8 8.22099644E8 9.37494828E8 
1.027592206E9 6.21389524E8 8.94853444E8 9.64445422E8 8.23100632E8 9.06087252E8 1.028902134E9 9.41046964E8 8.18075888E8 9.37807234E8 
1.028629234E9 6.19422338E8 8.97148396E8 9.66095426E8 8.24178582E8 9.05314388E8 1.028829354E9 9.3989413E8 8.16651558E8 9.37897758E8 
1.02989031E9 6.20934632E8 8.94730952E8 9.674704E8 8.22510466E8 9.04079312E8 1.028569754E9 9.42250534E8 8.16341666E8 9.37905494E8 
1.029591888E9 6.1974087E8 8.94940868E8 9.67470814E8 8.25571394E8 9.03727962E8 1.028750564E9 9.41094946E8 8.17252466E8 9.3793099E8 
1.025227128E9 6.2604837E8 8.91673116E8 9.70901432E8 8.24197404E8 9.01069816E8 1.03765006E9 9.34136054E8 8.11484976E8 9.38081554E8 
1.02518033E9 6.2591001E8 8.91990298E8 9.70540438E8 8.24192532E8 9.01089114E8 1.037375982E9 9.34040224E8 8.11587828E8 9.38199266E8 
1.025049638E9 6.26112052E8 8.91863552E8 9.70952094E8 8.23931994E8 9.00943286E8 1.037470424E9 9.34105162E8 8.11465972E8 9.38418364E8 
1.02513605E9 6.2621943E8 8.91840796E8 9.70311778E8 8.2393038E8 9.01313986E8 1.037131834E9 9.34517488E8 8.11561792E8 9.3854606E8 
1.02549273E9 6.25718594E8 8.91787276E8 9.71049396E8 8.24222872E8 9.00962964E8 1.037564688E9 9.34034008E8 8.11294488E8 9.3860031E8 
1.025122708E9 6.263283E8 8.91797844E8 9.70499452E8 8.23892724E8 9.01264412E8 1.037204854E9 9.34395968E8 8.11360922E8 9.38630918E8 
1.027690666E9 6.21114438E8 8.913742E8 9.69946352E8 8.27250956E8 9.10099808E8 1.031532048E9 9.32931936E8 8.1524013E8 9.3863428E8 
1.026814332E9 6.151601E8 8.826794E8 9.57281786E8 8.72817878E8 8.93218996E8 1.064533628E9 9.33922006E8 8.28431716E8 9.41446992E8 
1.02320142E9 6.28919158E8 8.86722842E8 9.75343504E8 8.10675616E8 9.1182111E8 1.039325576E9 9.23843262E8 8.11473042E8 9.45212756E8 
1.03657588E9 6.26973926E8 8.9555809E8 9.8458078E8 8.04424892E8 9.0051003E8 1.029992546E9 9.3100688E8 8.0684107E8 9.46395568E8 
1.036597856E9 6.26743332E8 8.9517286E8 9.840067E8 8.04337582E8 9.0022662E8 1.030022786E9 9.31439408E8 8.07251698E8 9.46592056E8 
1.018525002E9 6.3123731E8 8.86799856E8 9.75403266E8 8.0926692E8 9.13146664E8 1.039572382E9 9.2251659E8 8.0989057E8 9.46740006E8 
1.01868609E9 6.31246044E8 8.86736932E8 9.7558921E8 8.0930972E8 9.13143554E8 1.039510894E9 9.2243501E8 8.09792116E8 9.4678858E8 
1.036358508E9 6.26831794E8 8.95460288E8 9.83618764E8 8.04085016E8 9.0050936E8 1.02995437E9 9.31226262E8 8.07320148E8 9.46815144E8 
1.018576426E9 6.3128984E8 8.8679761E8 9.75536076E8 8.09274144E8 9.13178246E8 1.039460998E9 9.22442634E8 8.09733106E8 9.46840812E8 
1.018570394E9 6.31260782E8 8.86661496E8 9.75402924E8 8.09277612E8 9.13200672E8 1.03955811E9 9.22509082E8 8.09972018E8 9.46849318E8 
1.018505196E9 6.31346454E8 8.86696136E8 9.7551296E8 8.09245746E8 9.1314595E8 1.039402312E9 9.22462232E8 8.09920112E8 9.46878838E8 
1.018481128E9 6.3133426E8 8.86677712E8 9.7539645E8 8.09306774E8 9.13157592E8 1.03942015E9 9.22347266E8 8.0993189E8 9.4689074E8 
1.018719696E9 6.31257266E8 8.86578836E8 9.7545796E8 8.09381902E8 9.13214868E8 1.039515074E9 9.22301244E8 8.09872192E8 9.46912194E8 
1.018626936E9 6.31248154E8 8.86595454E8 9.75428326E8 8.0941213E8 9.1311025E8 1.039501988E9 9.22380116E8 8.1003341E8 9.4693857E8 
1.018548272E9 6.31339424E8 8.86585744E8 9.75556344E8 8.09281312E8 9.13115424E8 1.039381544E9 9.22452758E8 8.10078638E8 9.46944818E8 
1.01859775E9 6.31301118E8 8.86640826E8 9.75419224E8 8.09345864E8 9.13243896E8 1.039464564E9 9.2232016E8 8.09826332E8 9.46962026E8 
1.035718124E9 6.2643966E8 8.96150264E8 9.8505407E8 8.05479924E8 8.99624246E8 1.029448398E9 9.29679884E8 8.0768135E8 9.47073844E8 
1.036108054E9 6.26982728E8 8.9575114E8 9.85855788E8 8.04284886E8 9.00061498E8 1.029564214E9 9.30674714E8 8.08003306E8 9.47185736E8 
1.035893602E9 6.26522128E8 8.9616143E8 9.85093294E8 8.05287698E8 8.99670366E8 1.02943735E9 9.29526424E8 8.0741593E8 9.47226828E8 
1.037059438E9 6.27098836E8 8.95571726E8 9.85283852E8 8.05515858E8 8.99614816E8 1.030068718E9 9.29646826E8 8.06377664E8 9.4745348E8 
1.036978434E9 6.27086994E8 8.95814264E8 9.8567337E8 8.05779246E8 8.99515914E8 1.030032132E9 9.29362412E8 8.06252614E8 9.47468042E8 
1.037299536E9 6.27418036E8 8.94333702E8 9.85440556E8 8.05080878E8 8.991007E8 1.029098906E9 9.31020218E8 8.07356072E8 9.47499426E8 
1.035805976E9 6.26360434E8 8.96371356E8 9.85662202E8 8.0547053E8 8.99778072E8 1.029356902E9 9.29313472E8 8.07143262E8 9.4753164E8 
1.036069258E9 6.26692254E8 8.95505096E8 9.85484166E8 8.0437755E8 8.99813512E8 1.029451682E9 9.310114E8 8.0848194E8 9.47574156E8 
1.03560746E9 6.26507014E8 8.96381124E8 9.85019648E8 8.05335208E8 8.9963636E8 1.02943712E9 9.29337358E8 8.07397466E8 9.47596226E8 
1.037014818E9 6.27069806E8 8.9583436E8 9.85430582E8 8.05540668E8 8.99536374E8 1.030166112E9 9.29312166E8 8.06146452E8 9.47674896E8 
1.03725701E9 6.2706058E8 8.95759264E8 9.85299878E8 8.05576422E8 8.99363188E8 1.02997507E9 9.2941528E8 8.06201566E8 9.47729162E8 
1.035819164E9 6.2680237E8 8.95845642E8 9.84974352E8 8.04208072E8 9.00096072E8 1.029396406E9 9.30797408E8 8.08579244E8 9.47787434E8 
1.037105518E9 6.27085762E8 8.95682772E8 9.85284568E8 8.05425698E8 8.99336278E8 1.030224842E9 9.29425312E8 8.06145614E8 9.47874558E8 
1.035833816E9 6.27489248E8 8.9637871E8 9.84100768E8 8.04475338E8 9.00153104E8 1.029724828E9 9.29844874E8 8.06652804E8 9.48274746E8 
1.036000478E9 6.27810928E8 8.96134126E8 9.84351588E8 8.04511428E8 9.00392094E8 1.02872839E9 9.3006453E8 8.07631822E8 9.48320686E8 
1.03560634E9 6.27458748E8 8.96271588E8 9.83694114E8 8.04487522E8 8.99962682E8 1.02976566E9 9.30104612E8 8.0704723E8 9.48372786E8 
1.035961082E9 6.27364882E8 8.9640892E8 9.84574762E8 8.04546146E8 8.99981504E8 1.029780202E9 9.29683784E8 8.06297456E8 9.48579364E8 
1.036183428E9 6.2768283E8 8.95890684E8 9.8449995E8 8.04724358E8 9.00016944E8 1.02869491E9 9.30063872E8 8.07636134E8 9.48654656E8 
1.036691448E9 6.2679951E8 8.95781192E8 9.86616822E8 8.06059958E8 8.9898844E8 1.0294358E9 9.29331064E8 8.0741696E8 9.48663576E8 
1.035458354E9 6.2742507E8 8.96494062E8 9.83903998E8 8.04583198E8 8.99954448E8 1.029615944E9 9.29948024E8 8.06895284E8 9.48684972E8 
1.036520976E9 6.26719546E8 8.9621342E8 9.86839482E8 8.06427738E8 8.99065154E8 1.029472342E9 9.28877456E8 8.07325508E8 9.4870709E8 
1.035371216E9 6.2733189E8 8.96636662E8 9.84763064E8 8.0551275E8 8.99792436E8 1.029119406E9 9.29661778E8 8.0860737E8 9.49017104E8 
1.03525659E9 6.27319616E8 8.97125634E8 9.84656522E8 8.05875046E8 8.99680722E8 1.029133258E9 9.29404256E8 8.08056392E8 9.49235022E8 
1.035214622E9 6.27394252E8 8.97187352E8 9.84744538E8 8.05580158E8 8.9969423E8 1.02916383E9 9.29330784E8 8.07662102E8 9.49337834E8 
1.034989448E9 6.27245744E8 8.97214338E8 9.84384006E8 8.05794368E8 8.9981581E8 1.029036892E9 9.29574976E8 8.0828741E8 9.49483372E8 
1.034946794E9 6.27290672E8 8.97282822E8 9.8447354E8 8.05513954E8 8.99829346E8 1.029053334E9 9.29520892E8 8.07899564E8 9.4958571E8 
1.036803014E9 6.26875462E8 8.96217868E8 9.85632606E8 8.06275946E8 8.9919274E8 1.028778972E9 9.29585344E8 8.06770918E8 9.4971444E8 
1.035124834E9 6.27077576E8 8.97249334E8 9.84858E8 8.05932044E8 8.99644126E8 1.029083658E9 9.29433256E8 8.0791273E8 9.4979076E8 
1.036331942E9 6.2671033E8 8.96694762E8 9.85817948E8 8.06703936E8 8.9938411E8 1.028675162E9 9.2948837E8 8.0702309E8 9.49796084E8 
1.025122948E9 6.3791173E8 8.9474856E8 9.70960822E8 7.97919274E8 9.04727978E8 1.035673196E9 9.27170796E8 8.00817538E8 9.53174596E8 
1.019383456E9 6.38402964E8 8.92032786E8 9.70006022E8 8.1848336E8 8.97287536E8 1.034639116E9 9.18588958E8 8.10547546E8 9.7586227E8 
1.019338592E9 6.38394304E8 8.91948888E8 9.7015245E8 8.18561264E8 8.97176506E8 1.034570548E9 9.18597212E8 8.1061121E8 9.75863172E8 


