#Sat Apr 20 11:47:54 EST 2013
mating_pool=80
mutation_dist=3
algo_name=RWZ_Niching
stopping_criterion=Lack of Progress, 15 iterations
comparator=multiObjective.RWZNichingComparator
sol_type=solver.mosolver.RWZSolution
algo_type=solver.mosolver.NichingMOGA
logging=false
rand_seed_for_pop=888
range_subdivisions=10
desired_solutions=5,10,15
problemfile=50fac5to20obj\\\\50fac10obj.txt
o=2
HV_sample=100000
runs=30
k=10
rand_seed=clock
problemtype=MOQAP
tournament_size=2
vads=true
mutation_prob=0.1
reweighting_interval=Reweight at no progress
c=8
crossover_prob=0.01
delta=10
population=100
Used function evaluations: 230220

Complete Population
1.009201384E9 6.35481648E8 8.26498356E8 1.022397272E9 8.38906134E8 1.074501682E9 1.024048846E9 1.01619071E9 8.8201718E8 9.35622368E8 
1.005422066E9 6.33236924E8 8.5229073E8 9.87134484E8 8.56932296E8 1.060426688E9 1.037742888E9 1.020696348E9 8.52389504E8 9.39551358E8 
1.011039426E9 6.75360128E8 8.22544764E8 1.002603076E9 8.64125894E8 1.05406832E9 1.029561604E9 1.007405422E9 8.53745732E8 9.39738334E8 
1.013113898E9 6.49120034E8 8.28033478E8 1.001660918E9 8.51327024E8 1.036968676E9 1.052169884E9 1.007195678E9 8.65710914E8 9.40178176E8 
1.013840942E9 6.3821308E8 8.54079254E8 9.885328E8 8.48649684E8 1.038820312E9 1.046822602E9 1.016786816E9 8.56940312E8 9.40410538E8 
1.01026947E9 6.50877926E8 8.28619148E8 1.004750044E9 8.50862548E8 1.037918388E9 1.051307792E9 1.00957831E9 8.65005494E8 9.40680212E8 
1.000784626E9 6.36851226E8 8.34879046E8 1.004185362E9 8.53639128E8 1.037681032E9 1.05678976E9 1.01685105E9 8.65077356E8 9.41062462E8 
9.98664218E8 6.38488946E8 8.34014416E8 1.009929722E9 8.55428796E8 1.039520546E9 1.049531838E9 1.015667396E9 8.70039288E8 9.41550476E8 
1.01183694E9 6.37858286E8 8.6200087E8 9.88752274E8 8.47717346E8 1.03775481E9 1.046069832E9 1.019506406E9 8.566932E8 9.42376196E8 
1.011280296E9 6.45186698E8 8.49019296E8 9.87701496E8 8.53580234E8 1.061720646E9 1.033512502E9 1.016446646E9 8.50686398E8 9.43991438E8 
1.008011574E9 6.755873E8 8.20477878E8 1.00738789E9 8.7325212E8 1.060142804E9 1.02933566E9 1.009536774E9 8.50132544E8 9.44350288E8 
1.003070016E9 6.33188308E8 8.43545074E8 1.006127884E9 8.63583038E8 1.034997222E9 1.04432504E9 1.014887512E9 8.66511032E8 9.44774266E8 
1.015585802E9 6.4276601E8 8.62543226E8 9.86360588E8 8.44901416E8 1.035096656E9 1.048628474E9 1.019205892E9 8.54552988E8 9.45488124E8 
1.022151148E9 6.34402532E8 8.58476384E8 9.87073812E8 8.53051674E8 1.043466086E9 1.039105884E9 1.023169732E9 8.50865832E8 9.4584828E8 
1.002110986E9 6.39110292E8 8.34174192E8 1.007057572E9 8.51063074E8 1.036544972E9 1.050246338E9 1.016081314E9 8.6740425E8 9.46661246E8 
1.005519408E9 6.39732924E8 8.28570326E8 1.00441546E9 8.54895184E8 1.034692398E9 1.0560317E9 1.01524866E9 8.62137106E8 9.47247492E8 
1.01260168E9 6.46676802E8 8.2964495E8 1.003453514E9 8.51797838E8 1.036571116E9 1.051078938E9 1.002917946E9 8.65712072E8 9.47360564E8 
1.000661728E9 6.33916248E8 8.5220029E8 1.002449798E9 8.6143778E8 1.042244188E9 1.043780744E9 1.01497482E9 8.6264949E8 9.47487282E8 
1.02290356E9 6.41315496E8 8.5460878E8 9.86612378E8 8.35600826E8 1.03460855E9 1.06156024E9 1.020434908E9 8.45283624E8 9.4778499E8 
1.007810448E9 6.4222257E8 8.2535983E8 1.010347478E9 8.49928684E8 1.040747752E9 1.049290174E9 1.015275498E9 8.60616586E8 9.4796646E8 
1.00540111E9 6.35427546E8 8.40789558E8 1.005851604E9 8.6129281E8 1.039761098E9 1.042461862E9 1.009446596E9 8.5777953E8 9.4810768E8 
1.012792464E9 6.35734414E8 8.4015901E8 1.002657784E9 8.45253878E8 1.043657188E9 1.047889694E9 1.011730978E9 8.63370352E8 9.48240726E8 
1.003799146E9 6.40170864E8 8.36325504E8 1.003913832E9 8.67223706E8 1.039732544E9 1.04115992E9 1.015574912E9 8.55880632E8 9.4840295E8 
1.018021182E9 6.36585456E8 8.6439504E8 9.93240426E8 8.46809804E8 1.038610152E9 1.041397872E9 1.019104122E9 8.55288236E8 9.4845112E8 
1.018244448E9 6.34203148E8 8.42092806E8 1.001570772E9 8.52137112E8 1.047353156E9 1.04555219E9 1.01444874E9 8.55250264E8 9.48491228E8 
9.95756004E8 6.59728918E8 8.443775E8 9.84894026E8 8.44262594E8 1.049365928E9 1.049115304E9 1.00878562E9 8.7600692E8 9.4863557E8 
9.99357548E8 6.23103556E8 8.48081168E8 1.002858998E9 8.66958466E8 1.037263872E9 1.041511234E9 1.018520158E9 8.69357286E8 9.49121102E8 
1.003453158E9 6.33579098E8 8.48236212E8 1.006403972E9 8.54985806E8 1.034427786E9 1.053119392E9 1.012301254E9 8.65647258E8 9.49180328E8 
9.88358956E8 6.43911972E8 8.56340738E8 1.010461166E9 8.53060568E8 1.034226972E9 1.055856468E9 1.009297322E9 8.59965078E8 9.49469E8 
1.000204576E9 6.395777E8 8.44305986E8 1.005910078E9 8.53466322E8 1.036912346E9 1.04939937E9 1.011985614E9 8.6110355E8 9.49509434E8 
1.00163927E9 6.35604206E8 8.31032368E8 1.00534614E9 8.59606168E8 1.038757588E9 1.049124002E9 1.012641592E9 8.64885654E8 9.49584238E8 
1.0099441E9 6.34731826E8 8.44532968E8 1.00005359E9 8.60579688E8 1.046996746E9 1.037510012E9 1.014958468E9 8.59599308E8 9.49600826E8 
1.024530828E9 6.38340156E8 8.57191244E8 9.84168362E8 8.46539934E8 1.044969072E9 1.04546735E9 1.016676576E9 8.46126742E8 9.49758682E8 
1.016055702E9 6.4053608E8 8.4090323E8 9.99433136E8 8.48468588E8 1.038014216E9 1.050889206E9 1.010088724E9 8.60478068E8 9.49974502E8 
1.008469332E9 6.45411268E8 8.3187609E8 1.004840594E9 8.54154102E8 1.035899506E9 1.050339296E9 1.003006966E9 8.66232416E8 9.5050271E8 
1.006047654E9 6.41562532E8 8.39932424E8 1.00700115E9 8.58732628E8 1.034381384E9 1.041178708E9 1.01650467E9 8.575487E8 9.50676254E8 
1.008367464E9 6.45354984E8 8.31834942E8 1.00488879E9 8.54170088E8 1.03613822E9 1.050269742E9 1.003021946E9 8.66301688E8 9.50727644E8 
1.01063873E9 6.3879301E8 8.61031892E8 9.88933178E8 8.4919362E8 1.040794078E9 1.045827534E9 1.013106484E9 8.52483924E8 9.51627026E8 
1.00616648E9 6.34311816E8 8.28080122E8 1.014542908E9 8.4787223E8 1.041247966E9 1.05335333E9 1.01679947E9 8.59677984E8 9.52037056E8 
1.014345112E9 6.39580238E8 8.58482064E8 9.96100578E8 8.42086856E8 1.035953624E9 1.054269464E9 1.014995452E9 8.48741408E8 9.52056848E8 
1.00985386E9 6.36700828E8 8.44570538E8 1.004967902E9 8.4911301E8 1.03466758E9 1.047396434E9 1.013374116E9 8.63824526E8 9.52155624E8 
1.001670994E9 6.4107892E8 8.32728856E8 1.009623642E9 8.56748168E8 1.02726477E9 1.0482877E9 1.016450438E9 8.61294232E8 9.52242546E8 
1.007183674E9 6.46964142E8 8.34063186E8 1.010326292E9 8.52298928E8 1.033463276E9 1.04807492E9 1.00063716E9 8.63684334E8 9.53155556E8 
9.99745616E8 6.69542832E8 8.50106976E8 1.02006449E9 8.45154498E8 1.036832432E9 1.035577182E9 9.63511936E8 9.0030849E8 9.53180736E8 
1.012864124E9 6.36099012E8 8.37535444E8 1.003750126E9 8.54437982E8 1.050719766E9 1.039377414E9 1.005719666E9 8.62499028E8 9.53602128E8 
1.004416852E9 6.40242012E8 8.25304932E8 9.97993672E8 8.47738556E8 1.028174194E9 1.077222404E9 1.009577524E9 8.8583167E8 9.53610554E8 
1.026246774E9 6.40233588E8 8.5137018E8 9.84703332E8 8.46380922E8 1.04239261E9 1.045550666E9 1.011659842E9 8.48068962E8 9.5370653E8 
1.015762884E9 6.3208903E8 8.66832166E8 9.88590432E8 8.53184974E8 1.041176244E9 1.038794962E9 1.021450218E9 8.49148768E8 9.53917084E8 
1.003370572E9 6.3697289E8 8.26142592E8 1.018595996E9 8.45946136E8 1.046638198E9 1.04511411E9 1.008270418E9 8.68386362E8 9.54171964E8 
1.019446504E9 6.4566453E8 8.24913656E8 1.004690276E9 8.45996042E8 1.042726764E9 1.048680776E9 9.95490224E8 8.61513718E8 9.54664552E8 
1.005667442E9 6.39331098E8 8.42226736E8 1.006233844E9 8.51860556E8 1.034310748E9 1.047263728E9 1.010809526E9 8.62036186E8 9.54752326E8 
1.01143048E9 6.36300268E8 8.28301408E8 9.91079476E8 8.61390486E8 1.033991562E9 1.061938338E9 1.008930796E9 8.5979241E8 9.54904094E8 
1.01770129E9 6.39056276E8 8.61173998E8 9.9212975E8 8.47272392E8 1.035462696E9 1.05041686E9 1.015188274E9 8.4134554E8 9.55068684E8 
9.99854788E8 6.35867146E8 8.32398092E8 1.017634256E9 8.45922698E8 1.039086956E9 1.055069356E9 1.012786674E9 8.63525856E8 9.55569232E8 
9.97535764E8 6.3881711E8 8.34236846E8 1.002722706E9 8.5417444E8 1.033081192E9 1.046837316E9 1.011416482E9 8.60286116E8 9.55668448E8 
1.008840384E9 6.37161714E8 8.50734594E8 1.001690926E9 8.48464542E8 1.041590136E9 1.053502374E9 1.008610626E9 8.55186196E8 9.55916082E8 
1.004405416E9 6.31257782E8 8.29244846E8 1.01599606E9 8.54344644E8 1.046340986E9 1.048050292E9 1.009273364E9 8.61291586E8 9.56338358E8 
1.000873958E9 6.36766864E8 8.42477834E8 1.002345082E9 8.56194036E8 1.035798022E9 1.047840188E9 1.014223118E9 8.57732162E8 9.56367904E8 
1.01054848E9 6.40475138E8 8.70994282E8 9.9506701E8 8.52993416E8 1.0378309E9 1.041085486E9 1.009930186E9 8.42952928E8 9.56403396E8 
1.008564802E9 6.55559166E8 8.30466218E8 9.80443922E8 8.46809218E8 1.059955408E9 1.044583324E9 1.004677814E9 8.50543404E8 9.57810916E8 
1.00072983E9 6.42425396E8 8.31886638E8 1.02077681E9 8.5227653E8 1.030643524E9 1.052442322E9 1.009220366E9 8.59027286E8 9.58053946E8 
1.015196682E9 6.35279448E8 8.41200468E8 1.002507914E9 8.56101732E8 1.052976766E9 1.038067028E9 1.008521466E9 8.55100946E8 9.58243954E8 
1.009533342E9 6.47997782E8 8.45920722E8 1.000893428E9 8.50022916E8 1.050253394E9 1.0413075E9 1.001528986E9 8.5398784E8 9.58262516E8 
9.93978292E8 6.33048146E8 8.5156019E8 1.002505286E9 8.61972804E8 1.037154628E9 1.04100456E9 1.017935914E9 8.57986818E8 9.59798594E8 
1.001136042E9 6.40131022E8 8.30536274E8 1.004409478E9 8.69856574E8 1.036294406E9 1.042182644E9 1.013851268E9 8.61894274E8 9.60088376E8 
1.023428174E9 6.36682422E8 8.60923416E8 9.94135504E8 8.4869448E8 1.043985948E9 1.030641038E9 1.011309878E9 8.47017244E8 9.60240046E8 
9.97607144E8 6.41036326E8 8.23972178E8 1.025029374E9 8.42587908E8 1.045200052E9 1.049865992E9 1.01210616E9 8.62750794E8 9.6040072E8 
1.017324732E9 6.42175646E8 8.58229568E8 9.86814052E8 8.53584648E8 1.038846924E9 1.039057934E9 1.011548396E9 8.41194168E8 9.60700884E8 
1.027218984E9 6.39307174E8 8.56086992E8 9.88558306E8 8.49532246E8 1.040633028E9 1.03813125E9 1.010389636E9 8.41009588E8 9.6108974E8 
1.008573366E9 6.42663118E8 8.28050026E8 1.011198904E9 8.55260804E8 1.039204564E9 1.037448378E9 1.00647406E9 8.6055442E8 9.61093674E8 
1.010540734E9 6.4168632E8 8.67817492E8 9.89085884E8 8.51203188E8 1.036465598E9 1.042652508E9 1.015217932E9 8.43638264E8 9.6251117E8 
1.02439302E9 6.43598442E8 8.58461604E8 9.86627432E8 8.47295112E8 1.044357814E9 1.043072938E9 1.003691216E9 8.41648088E8 9.62536288E8 
1.001042848E9 6.3498284E8 8.38298434E8 1.003029144E9 8.57455462E8 1.039510364E9 1.04375261E9 1.010068658E9 8.58043952E8 9.62761812E8 
9.9967911E8 6.37474058E8 8.32879282E8 1.0148747E9 8.61356476E8 1.035729348E9 1.046087042E9 1.014708446E9 8.5351445E8 9.62772662E8 
1.002562052E9 6.32160504E8 8.4886099E8 1.006615678E9 8.5276095E8 1.038309546E9 1.04418655E9 1.011656124E9 8.56727078E8 9.63817112E8 
1.00940866E9 6.40244254E8 8.55744072E8 9.90635592E8 8.48472116E8 1.05021606E9 1.04479455E9 1.005795784E9 8.4894222E8 9.6582332E8 
1.008048158E9 6.56573914E8 8.26843298E8 9.94744942E8 8.52119316E8 1.028635254E9 1.043686574E9 1.022543552E9 8.5391976E8 9.6740875E8 
9.8210784E8 6.66048666E8 8.7554796E8 1.014582412E9 8.46223766E8 1.052831542E9 1.03669303E9 9.859416E8 8.42984364E8 9.68984126E8 
9.83730176E8 6.66189064E8 8.70006912E8 1.01549975E9 8.46310024E8 1.053023136E9 1.035917808E9 9.87475778E8 8.40326016E8 9.69379826E8 
9.87737574E8 6.65698782E8 8.67795996E8 1.012921478E9 8.3938113E8 1.057223188E9 1.033704884E9 9.87136596E8 8.3796566E8 9.70867874E8 
9.96036036E8 6.35598558E8 8.36710592E8 1.01741859E9 8.58218142E8 1.037067742E9 1.042805656E9 1.010325878E9 8.62257224E8 9.73317154E8 
1.005609032E9 6.37982356E8 8.29508148E8 1.002188818E9 8.58335256E8 1.035540426E9 1.043022604E9 1.01288764E9 8.59553124E8 9.74904164E8 
1.00779834E9 6.51233224E8 8.70704092E8 1.019043762E9 8.4047914E8 1.030481762E9 1.03766228E9 9.95708964E8 8.54178736E8 9.78941766E8 
1.045197944E9 6.30016752E8 8.51521566E8 9.98133528E8 8.52744332E8 1.020569026E9 1.027858448E9 1.007812264E9 8.62105668E8 9.79331206E8 
1.00742702E9 6.62671278E8 8.25560986E8 9.90881756E8 8.52259724E8 1.02966065E9 1.040909372E9 1.023806864E9 8.54286004E8 9.82103038E8 
9.95408392E8 6.5384228E8 8.74419874E8 9.84080848E8 8.45953238E8 1.043097668E9 1.048572332E9 9.996838E8 8.5137354E8 9.8352415E8 
9.79406384E8 6.23233282E8 8.71859236E8 1.010394664E9 8.83728244E8 1.031276152E9 1.025062946E9 9.6897301E8 8.72592986E8 9.87043258E8 
9.97677888E8 6.32667136E8 8.87526788E8 1.00519142E9 8.69818074E8 1.03307797E9 1.018286956E9 9.70931756E8 8.55082936E8 9.94281266E8 
1.023360102E9 6.3190876E8 8.4601044E8 1.038138358E9 8.36995564E8 1.01738416E9 1.056590256E9 1.002324474E9 8.48496294E8 1.020351452E9 
1.000219232E9 6.3859635E8 8.68026176E8 1.092101588E9 8.23181844E8 1.021638062E9 1.026323708E9 9.68499384E8 8.92217804E8 1.035350544E9 
9.7321313E8 6.18922918E8 9.00593964E8 1.095001354E9 8.79686674E8 9.82323724E8 9.90099926E8 9.3981925E8 8.92372274E8 1.052405684E9 
9.76613014E8 6.20291522E8 8.9655132E8 1.095825598E9 8.76101508E8 9.84977494E8 9.89546204E8 9.37531188E8 8.94852026E8 1.054203124E9 
9.61509804E8 6.03569058E8 9.11325002E8 1.065070236E9 8.73423866E8 9.81140714E8 1.013067746E9 9.49722188E8 9.16703192E8 1.05637402E9 
9.82532496E8 6.0399065E8 8.4576716E8 1.116927208E9 9.01601824E8 9.8861187E8 9.83555328E8 1.01843898E9 8.44031494E8 1.056815904E9 
9.7603188E8 6.03944232E8 8.7501996E8 1.107222844E9 8.8835197E8 1.004214066E9 9.66925812E8 1.00559084E9 8.59033446E8 1.057409976E9 
9.46920396E8 6.26965826E8 9.05094208E8 1.107270264E9 8.70252302E8 9.79838332E8 1.001106358E9 9.39131894E8 8.89871936E8 1.09212958E9 
9.85607414E8 6.22553974E8 9.17991804E8 1.03600816E9 8.49148394E8 1.003719694E9 1.009201514E9 9.5999421E8 9.16264224E8 1.104688388E9 
9.85488506E8 6.30387258E8 9.03310902E8 1.093928708E9 8.44002866E8 9.66324564E8 1.000059064E9 9.96405684E8 9.0656162E8 1.111192342E9 
9.90999098E8 6.37879874E8 8.65547196E8 1.133639566E9 9.02707584E8 9.88464068E8 9.53141072E8 9.85012088E8 8.44620286E8 1.122877298E9 


