#Mon May 20 17:10:50 EST 2013
mating_pool=80
mutation_dist=3
algo_name=Hype
stopping_criterion=1000000
comparator=multiObjective.HypeComparator
sol_type=solver.mosolver.MOGASolution
algo_type=solver.mosolver.Hype
logging=false
rand_seed_for_pop=888
range_subdivisions=10
desired_solutions=5,10,15
problemfile=50fac5to20obj\\\\50fac10obj.txt
o=2
HV_sample=2000
runs=30
k=10
rand_seed=clock
problemtype=MOQAP
tournament_size=2
vads=true
mutation_prob=0.1
reweighting_interval=100
c=8
crossover_prob=0.01
delta=10
population=100
Used function evaluations: 1000000

Complete Population
9.52051804E8 6.80737242E8 8.29479206E8 9.87341054E8 8.72460192E8 8.9686316E8 1.046072164E9 9.0073191E8 8.94830512E8 1.003664052E9 
1.000445298E9 6.69800968E8 9.29612804E8 9.49340388E8 8.0577155E8 9.57358288E8 9.8933892E8 8.82123532E8 8.61315836E8 1.005508332E9 
1.001089194E9 6.71793876E8 9.27076098E8 9.53877116E8 8.04619578E8 9.5729437E8 9.91538964E8 8.7911031E8 8.58855686E8 1.006257556E9 
9.29990918E8 6.69045336E8 8.87901368E8 9.62657168E8 8.46589656E8 8.9238272E8 1.021509716E9 9.22250904E8 9.09475088E8 1.006767782E9 
9.43912328E8 6.70523442E8 8.56365352E8 9.54189662E8 8.78557064E8 9.32402652E8 1.021751254E9 8.86872458E8 9.638692E8 1.007205318E9 
9.56821884E8 6.55805376E8 8.28020072E8 9.61655128E8 9.02815724E8 8.63810256E8 1.07491365E9 9.20474588E8 9.08569536E8 1.00722538E9 
9.97947008E8 6.7193712E8 9.3147061E8 9.54188192E8 8.04767984E8 9.5135611E8 9.91113962E8 8.7826225E8 8.61114754E8 1.007330958E9 
9.49417432E8 6.78586164E8 8.24973072E8 9.90502932E8 8.66509962E8 8.9754795E8 1.04972535E9 9.0180752E8 9.0197861E8 1.008074696E9 
9.97042852E8 6.7211228E8 9.31120776E8 9.54447208E8 8.0759124E8 9.52271196E8 9.89367896E8 8.77715308E8 8.61959236E8 1.008577598E9 
9.96924394E8 6.71908594E8 9.31141134E8 9.54424802E8 8.07578722E8 9.5234734E8 9.89426964E8 8.77771498E8 8.6202428E8 1.008589656E9 
9.49759066E8 6.84892968E8 8.2230423E8 9.93405696E8 8.6608103E8 9.0296305E8 1.049340904E9 9.01511558E8 9.0476843E8 1.00861386E9 
9.32730408E8 6.67503182E8 8.8206577E8 9.6378177E8 8.48641998E8 8.91067566E8 1.024391618E9 9.22779646E8 9.08977602E8 1.00875037E9 
9.38482708E8 6.43350504E8 9.01545468E8 1.00374158E9 8.79698346E8 9.2852912E8 1.035107686E9 8.91292928E8 8.06126536E8 1.009218152E9 
9.8831701E8 6.46987952E8 8.83803082E8 1.01661812E9 8.67108706E8 9.06953938E8 1.033478762E9 8.91619382E8 7.88484398E8 1.009357162E9 
9.7314435E8 6.37638756E8 8.22317456E8 1.061662558E9 8.87838798E8 9.20523048E8 9.09772878E8 9.60875124E8 9.12050532E8 1.009423912E9 
9.40097218E8 6.42372306E8 9.0323121E8 1.002052028E9 8.78123946E8 9.30216028E8 1.035495506E9 8.85672524E8 8.06502E8 1.00945901E9 
9.74948516E8 6.41133928E8 8.21038688E8 1.062185954E9 8.85852214E8 9.205244E8 9.07924082E8 9.63300712E8 9.09948936E8 1.009608482E9 
9.415722E8 6.42032398E8 9.04852258E8 1.001818762E9 8.78582302E8 9.30478546E8 1.034847894E9 8.840599E8 8.06986814E8 1.009831004E9 
9.7454741E8 6.40649592E8 8.2333664E8 1.064320434E9 8.88230498E8 9.19423614E8 9.09917738E8 9.6267695E8 9.12336938E8 1.009877434E9 
9.71766162E8 6.42376126E8 8.21534564E8 1.062813918E9 8.8212837E8 9.2700582E8 9.05060594E8 9.58308714E8 9.12174186E8 1.010325728E9 
9.39801262E8 6.43053224E8 9.0218891E8 1.006141038E9 8.78533406E8 9.30713716E8 1.033582056E9 8.87716052E8 8.0526077E8 1.010345474E9 
9.71764572E8 6.4239868E8 8.2147719E8 1.062831742E9 8.82149408E8 9.26841156E8 9.0519619E8 9.58458026E8 9.1209128E8 1.010362448E9 
9.39954256E8 6.43058224E8 9.02252334E8 1.006429466E9 8.7851555E8 9.30822658E8 1.033336344E9 8.87608576E8 8.0526012E8 1.010707724E9 
9.7986463E8 6.37327604E8 8.2308579E8 1.058137926E9 8.8414921E8 9.24656774E8 9.041476E8 9.5759829E8 9.05769402E8 1.010868094E9 
9.70855564E8 6.46508966E8 8.14877522E8 1.071027374E9 8.7754471E8 9.30388678E8 9.06963774E8 9.6368937E8 9.23876324E8 1.01160386E9 
9.96275874E8 6.74462548E8 9.27880444E8 9.55922082E8 8.05081322E8 9.55009896E8 9.95143838E8 8.76796304E8 8.60335022E8 1.011791236E9 
9.21084582E8 6.71274978E8 8.77395956E8 9.60747236E8 8.5089087E8 8.95591528E8 1.028400202E9 9.20536288E8 9.19666712E8 1.011907052E9 
9.21530996E8 6.70910282E8 8.7683476E8 9.6053394E8 8.51062902E8 8.95627978E8 1.028979648E9 9.20516528E8 9.19574506E8 1.012054646E9 
1.037305602E9 6.10284086E8 8.2517192E8 1.027090666E9 8.36009576E8 9.01646794E8 1.04866797E9 9.21737284E8 8.34053056E8 1.012061544E9 
1.01442452E9 6.68453788E8 8.15822952E8 1.019682296E9 8.02999368E8 8.99293608E8 9.66849794E8 9.61995448E8 8.80188022E8 1.012710402E9 
9.58157484E8 6.57504942E8 8.26443096E8 9.62945428E8 9.04887592E8 8.63642212E8 1.07071279E9 9.15720358E8 9.10459986E8 1.012794494E9 
9.2806735E8 6.71517128E8 8.75450068E8 9.59582096E8 8.4446844E8 8.98787452E8 1.035244896E9 9.26508418E8 9.21823398E8 1.012942794E9 
1.009996208E9 6.66995372E8 8.23442834E8 1.013632408E9 7.99668852E8 9.0205818E8 9.64178844E8 9.64968498E8 8.79007234E8 1.01334398E9 
1.013351136E9 5.96564848E8 9.09566632E8 9.80742032E8 7.76907756E8 9.62354214E8 9.58229388E8 9.53179818E8 8.62200404E8 1.013387882E9 
1.004904114E9 6.6823967E8 8.18520328E8 1.015743658E9 7.98931414E8 9.07099134E8 9.6593821E8 9.6130109E8 8.78896642E8 1.013437536E9 
1.036550502E9 6.10152064E8 8.26677622E8 1.023930602E9 8.3414978E8 8.99755298E8 1.05052491E9 9.22314712E8 8.353607E8 1.013606062E9 
1.011354198E9 6.62552492E8 8.16530468E8 1.020177188E9 7.97487658E8 9.04625852E8 9.6646583E8 9.63182922E8 8.8015521E8 1.013624276E9 
1.013896628E9 6.67990478E8 8.15332178E8 1.019660416E9 7.99203228E8 9.00076792E8 9.69042776E8 9.6243929E8 8.81484646E8 1.01362835E9 
1.016959584E9 5.97103698E8 9.06841794E8 9.7045276E8 7.76663038E8 9.68367548E8 9.60581532E8 9.51476864E8 8.58324738E8 1.013904344E9 
9.02809572E8 6.59787036E8 8.57192082E8 9.9272828E8 8.75148122E8 9.0118771E8 1.02926915E9 9.46946118E8 9.15448896E8 1.013975868E9 
1.037318626E9 6.09209064E8 8.18884042E8 1.032695934E9 8.38405146E8 9.06892464E8 1.045908198E9 9.2150852E8 8.30103682E8 1.014554188E9 
1.037856156E9 6.0631473E8 8.19437104E8 1.028384324E9 8.34896508E8 9.07047888E8 1.051533812E9 9.20953668E8 8.45322388E8 1.01469832E9 
1.039133286E9 6.06939074E8 8.21445654E8 1.02611743E9 8.35377054E8 9.02084166E8 1.0508172E9 9.21067082E8 8.37999818E8 1.01490766E9 
1.005761266E9 6.67408144E8 8.17658432E8 1.016718978E9 7.97390482E8 9.0567928E8 9.67296926E8 9.61516612E8 8.78829878E8 1.015206872E9 
1.023082678E9 5.99262066E8 8.96382016E8 9.71786612E8 7.79360628E8 9.69345926E8 9.60152118E8 9.5238047E8 8.64587176E8 1.015409112E9 
9.7312346E8 6.46076924E8 8.08892838E8 1.07418361E9 8.79531638E8 9.31466006E8 9.07879342E8 9.61337204E8 9.21871838E8 1.015645712E9 
1.016538114E9 5.9775395E8 8.98530234E8 9.73685436E8 7.81153552E8 9.70547318E8 9.62776154E8 9.50862964E8 8.62100096E8 1.015929236E9 
9.37974512E8 6.40523366E8 9.02568862E8 1.004102608E9 8.86889602E8 9.2880844E8 1.035875708E9 8.90225168E8 8.13311282E8 1.016029188E9 
9.63756386E8 6.57250388E8 8.23052662E8 9.66777806E8 9.05230162E8 8.64105094E8 1.07138328E9 9.17989078E8 9.0961156E8 1.016063514E9 
9.6334951E8 6.56952306E8 8.32183418E8 9.56456406E8 9.0564047E8 8.6508663E8 1.0720128E9 9.17047884E8 9.11462112E8 1.016394494E9 
9.88564196E8 5.7517984E8 9.18957962E8 9.669411E8 7.99769904E8 9.8303779E8 9.9322129E8 9.60464746E8 8.3873027E8 1.01639949E9 
9.87341E8 5.79880668E8 9.19226384E8 9.64476664E8 8.06678638E8 9.85023154E8 9.9293668E8 9.60997682E8 8.36148948E8 1.01646229E9 
9.88832296E8 5.75083228E8 9.18700402E8 9.66684778E8 7.9973473E8 9.83307614E8 9.93230376E8 9.6025793E8 8.38658422E8 1.016606058E9 
9.88749326E8 5.75351362E8 9.17004208E8 9.66439012E8 7.99118192E8 9.82897942E8 9.93962878E8 9.61702722E8 8.38057854E8 1.016852162E9 
9.871483E8 5.75883234E8 9.17680004E8 9.66187602E8 8.00906858E8 9.82380004E8 9.935772E8 9.61239734E8 8.3918526E8 1.016868146E9 
9.86583384E8 5.76458164E8 9.1713695E8 9.67773298E8 7.99214226E8 9.83344438E8 9.93608548E8 9.61674416E8 8.3820674E8 1.01730761E9 
1.018471128E9 6.6174277E8 8.89225392E8 1.028512028E9 8.36242336E8 8.45065172E8 1.00366562E9 9.42811858E8 7.81809744E8 1.017419414E9 
1.017613736E9 6.62136856E8 8.87147788E8 1.025803622E9 8.38876278E8 8.47065034E8 1.003040156E9 9.4410536E8 7.81412656E8 1.018322642E9 
9.57307756E8 6.5637279E8 8.24964088E8 9.69577332E8 9.01050122E8 8.76352892E8 1.070201038E9 9.13479992E8 9.20519706E8 1.01862248E9 
9.88423834E8 5.76253156E8 9.10048962E8 9.69522622E8 8.04296064E8 9.86053314E8 9.94216978E8 9.5981816E8 8.40206338E8 1.018640496E9 
1.018315954E9 6.62688522E8 8.87836996E8 1.025897202E9 8.40829648E8 8.46864556E8 1.002787084E9 9.42693736E8 7.81224938E8 1.019166476E9 
1.018387372E9 6.62623772E8 8.8761432E8 1.02575277E9 8.4074077E8 8.46630216E8 1.002984126E9 9.42899182E8 7.8150011E8 1.019225454E9 
1.018254682E9 6.62654638E8 8.87673578E8 1.025952484E9 8.40823714E8 8.46676722E8 1.003186624E9 9.42664166E8 7.81482068E8 1.019308828E9 
9.57797988E8 6.31040998E8 8.35747046E8 1.068177766E9 9.0304056E8 9.53565534E8 8.9948338E8 9.44846424E8 9.31035486E8 1.019975492E9 
9.73095528E8 5.7868243E8 9.1771695E8 9.8145942E8 7.98656516E8 9.86440964E8 1.003293102E9 9.7065164E8 8.52520228E8 1.02125656E9 
1.040201512E9 6.72249152E8 8.98567792E8 1.02827146E9 8.30858866E8 8.91435842E8 9.18248042E8 9.96878636E8 8.04344484E8 1.021464598E9 
9.68819124E8 6.60893504E8 8.22214984E8 9.60643368E8 9.0793208E8 8.66022156E8 1.07166054E9 9.1820738E8 9.06831676E8 1.022017902E9 
1.042568242E9 6.08370022E8 9.11236858E8 9.96065446E8 7.91328318E8 9.7020307E8 9.42972654E8 9.27671818E8 8.79404076E8 1.022452396E9 
9.39010288E8 6.77317432E8 8.6756858E8 9.92567112E8 8.25317856E8 8.8185058E8 1.031641326E9 9.2738571E8 8.90216282E8 1.02316884E9 
1.051361696E9 6.18112866E8 8.3848508E8 1.022847096E9 8.1532327E8 8.90482912E8 1.060240832E9 9.16265488E8 8.4923435E8 1.023658098E9 
9.35242396E8 6.77003136E8 8.7164016E8 9.87713098E8 8.20851088E8 8.86638452E8 1.029122624E9 9.22755038E8 8.98644252E8 1.024782316E9 
1.025567804E9 6.67027476E8 8.89148892E8 1.038713102E9 8.14274824E8 8.18566258E8 1.02307186E9 9.44271708E8 8.22997482E8 1.025543004E9 
9.65180452E8 6.7420214E8 8.13442464E8 9.7973068E8 9.22544722E8 8.61611876E8 1.067685572E9 8.9948585E8 9.06059068E8 1.027821426E9 
1.007193238E9 6.52657388E8 8.97321728E8 9.6147931E8 8.14623348E8 8.23222576E8 1.010143784E9 9.77989108E8 9.12102986E8 1.031479744E9 
1.021470786E9 6.84364876E8 8.96681914E8 1.039165054E9 8.15846574E8 8.1860881E8 1.018585574E9 9.4764576E8 8.33275418E8 1.032783908E9 
1.015225768E9 6.56494696E8 9.0186909E8 1.01577143E9 8.51639542E8 8.65261372E8 1.006201002E9 9.30723026E8 7.9342466E8 1.033671922E9 
1.010414204E9 6.63196334E8 8.94392202E8 9.68074806E8 8.11613174E8 8.19097906E8 1.014368992E9 9.78015888E8 9.13661168E8 1.033853452E9 
1.008230946E9 6.59113086E8 8.94901814E8 9.62478252E8 8.1678442E8 8.18653902E8 1.015808734E9 9.71377372E8 9.16364366E8 1.03464236E9 
1.008278026E9 6.59114636E8 8.94875332E8 9.62547462E8 8.16754694E8 8.18772084E8 1.01577615E9 9.71309828E8 9.16409702E8 1.03464651E9 
1.008122698E9 6.59323954E8 8.94892242E8 9.62499362E8 8.1681036E8 8.18529344E8 1.015986384E9 9.71440044E8 9.16365172E8 1.034652586E9 
9.76469782E8 6.05802064E8 8.22561084E8 1.05663149E9 8.75555318E8 9.39337568E8 9.4826712E8 9.66619238E8 8.95915524E8 1.035927064E9 
1.018318028E9 6.51234724E8 8.91007996E8 1.045583392E9 8.2874217E8 8.2037307E8 1.013905618E9 9.48602146E8 8.38941102E8 1.038379216E9 
9.99568968E8 6.54945434E8 9.016023E8 9.71604684E8 8.19830402E8 8.17780102E8 1.002217492E9 9.82464446E8 9.09651784E8 1.038576412E9 
9.12959136E8 6.861824E8 8.86049404E8 1.011169138E9 8.29505294E8 8.82210574E8 1.007055046E9 9.39208258E8 8.83010794E8 1.038910332E9 
1.032795514E9 5.86797322E8 8.16878368E8 1.035297834E9 8.95544972E8 9.05343894E8 1.013930312E9 9.47007448E8 8.59655014E8 1.042430712E9 
1.034415718E9 6.43542482E8 8.65401792E8 1.006794648E9 7.92786016E8 8.72236924E8 9.5846617E8 9.58673414E8 8.51681358E8 1.046684104E9 
1.049721928E9 6.46358928E8 8.73447994E8 1.011846988E9 7.90681846E8 8.73266514E8 9.4969664E8 9.6191156E8 8.3328321E8 1.049185558E9 
9.85472326E8 6.18996918E8 8.73303294E8 1.032005996E9 8.61354102E8 9.04285998E8 9.19097772E8 9.7406968E8 8.89569038E8 1.051599478E9 
8.84505382E8 6.45216284E8 8.83413468E8 1.01508082E9 8.40049334E8 9.4034416E8 1.00690158E9 9.46308156E8 9.70877248E8 1.05439588E9 
8.83033342E8 6.40490802E8 8.81823572E8 1.013947756E9 8.40445182E8 9.37717424E8 1.005243174E9 9.47192306E8 9.73464824E8 1.056636688E9 
8.8285041E8 6.4040415E8 8.81927772E8 1.014099012E9 8.40432456E8 9.37768676E8 1.005317372E9 9.47100714E8 9.73401412E8 1.056687718E9 
1.05088E9 6.62744022E8 8.85389158E8 1.013693842E9 8.06022494E8 8.50700282E8 9.44285152E8 9.80577098E8 8.14681342E8 1.060566478E9 
1.052921712E9 6.60614672E8 8.86292232E8 1.01371259E9 8.00161706E8 8.55079304E8 9.41957292E8 9.7990774E8 8.09185514E8 1.060933056E9 
1.052983878E9 6.60662028E8 8.86339076E8 1.013631686E9 8.00058368E8 8.54982722E8 9.42020882E8 9.79751112E8 8.0930446E8 1.060943688E9 
1.05287176E9 6.60656436E8 8.86274928E8 1.013548932E9 8.00120524E8 8.55010888E8 9.42080668E8 9.79880472E8 8.09279804E8 1.060963002E9 
1.052949018E9 6.60704656E8 8.86303056E8 1.013605824E9 8.00014444E8 8.55096736E8 9.42008746E8 9.79783736E8 8.09244756E8 1.060963804E9 
8.82508058E8 6.37835046E8 8.83479534E8 1.006700236E9 8.749816E8 9.29600474E8 1.02264107E9 9.69690972E8 9.6643999E8 1.06345879E9 
1.04225484E9 6.62761002E8 8.4778969E8 1.005576112E9 7.97909578E8 8.48033194E8 9.78160554E8 9.76858514E8 8.28836086E8 1.072430618E9 
1.043244458E9 6.60511676E8 8.46125694E8 1.005798668E9 7.99127224E8 8.49836108E8 9.7797729E8 9.78479934E8 8.29342098E8 1.07515075E9 
9.11335046E8 6.619699E8 8.5880397E8 1.005973076E9 8.33451E8 8.97329196E8 9.7463595E8 9.77315174E8 9.70143186E8 1.07584628E9 


