#Tue May 14 10:25:56 EST 2013
mating_pool=80
mutation_dist=3
algo_name=RWZ
stopping_criterion=1000000
comparator=multiObjective.RWZComparator
sol_type=solver.mosolver.RWZSolution
algo_type=solver.mosolver.RankingMOGA
logging=false
rand_seed_for_pop=888
range_subdivisions=10
desired_solutions=5,10,15
problemfile=50fac5to20obj\\\\50fac15obj.txt
o=2
HV_sample=100000
runs=30
k=10
rand_seed=clock
problemtype=MOQAP
tournament_size=2
vads=true
mutation_prob=0.1
reweighting_interval=100
c=8
crossover_prob=0.01
delta=10
population=100
Used function evaluations: 1000000

Complete Population
9.31299138E8 8.8713263E8 9.15984484E8 9.95743522E8 9.98653104E8 9.16254084E8 1.034802004E9 9.17284784E8 7.8231376E8 9.1633229E8 8.3304966E8 9.58284054E8 9.37996852E8 9.72911396E8 9.88604586E8 
9.30891616E8 8.88363548E8 9.1456125E8 9.91194082E8 1.002660994E9 9.16880654E8 1.031424328E9 9.18986856E8 7.79869316E8 9.14094464E8 8.35289386E8 9.59553866E8 9.39844154E8 9.73962888E8 9.88737406E8 
9.3072086E8 8.86917338E8 9.16356074E8 9.95544814E8 9.98422792E8 9.16552268E8 1.034787496E9 9.17306552E8 7.82393948E8 9.16356172E8 8.32995604E8 9.57764724E8 9.38155036E8 9.73327718E8 9.88739634E8 
9.31508318E8 8.87969796E8 9.15681698E8 9.95212382E8 9.9871282E8 9.15100324E8 1.03428738E9 9.18385518E8 7.82398282E8 9.16450916E8 8.32485832E8 9.58812982E8 9.3801343E8 9.71703176E8 9.89167634E8 
9.3162074E8 8.87899808E8 9.15696154E8 9.952542E8 9.98659004E8 9.14924574E8 1.034550566E9 9.18310496E8 7.82501158E8 9.16463664E8 8.3238783E8 9.5893683E8 9.38055208E8 9.71631856E8 9.89245036E8 
9.31020174E8 8.87692244E8 9.1596118E8 9.95054774E8 9.98191652E8 9.1492454E8 1.034098882E9 9.18820484E8 7.8250416E8 9.16506984E8 8.32267668E8 9.58481642E8 9.38100224E8 9.71727124E8 9.89472444E8 
9.31530488E8 8.87961592E8 9.15580796E8 9.95211782E8 9.98522934E8 9.14615758E8 1.034136868E9 9.18628668E8 7.82742834E8 9.16175354E8 8.3242462E8 9.5848896E8 9.3814923E8 9.71727496E8 9.89624016E8 
9.31517836E8 8.87443304E8 9.15463776E8 9.96318192E8 9.98044248E8 9.1456525E8 1.033965538E9 9.17726206E8 7.83672624E8 9.15894168E8 8.32680294E8 9.57956518E8 9.38436626E8 9.72381292E8 9.89739774E8 
9.29596046E8 8.87227736E8 9.17062184E8 9.95113004E8 9.97459772E8 9.15617762E8 1.034065538E9 9.18949726E8 7.82733924E8 9.16500126E8 8.32192774E8 9.57124804E8 9.38552914E8 9.72971176E8 9.89740686E8 
9.29552634E8 8.87383308E8 9.1697005E8 9.95163308E8 9.97673138E8 9.15349132E8 1.034195994E9 9.18778324E8 7.82966226E8 9.16354266E8 8.3224872E8 9.56954716E8 9.3863013E8 9.7330622E8 9.89803132E8 
9.31033936E8 8.88264422E8 9.1653258E8 9.97153098E8 9.98795E8 9.16305182E8 1.03136318E9 9.16228904E8 7.81059466E8 9.15191674E8 8.30416268E8 9.55372012E8 9.3320098E8 9.74493328E8 9.90213374E8 
9.60170508E8 9.26525852E8 9.17230318E8 9.62663296E8 9.70124564E8 9.56580048E8 9.79616984E8 9.18308312E8 8.14335412E8 8.98769378E8 8.16895394E8 9.8986911E8 8.8555426E8 9.55542728E8 9.92963318E8 
9.60057588E8 9.26598474E8 9.16966382E8 9.62707782E8 9.70292236E8 9.56718924E8 9.79649176E8 9.1805709E8 8.1425707E8 8.98986248E8 8.16876808E8 9.89888966E8 8.85614274E8 9.55288322E8 9.93059252E8 
9.4446776E8 8.86365502E8 8.96118222E8 1.023122574E9 1.004146056E9 9.42647476E8 1.01694408E9 9.17402072E8 7.89046358E8 9.453253E8 8.43802406E8 9.55027688E8 8.74658088E8 9.69199864E8 9.98720494E8 
9.42838692E8 8.82207644E8 8.96625274E8 1.019458856E9 1.004611368E9 9.47506918E8 1.020912912E9 9.1552403E8 7.8523114E8 9.46881274E8 8.40759762E8 9.48957066E8 8.72841282E8 9.65363426E8 9.98994558E8 
9.2797657E8 8.84031524E8 9.33461216E8 9.90857574E8 1.015025444E9 9.1603469E8 9.9630689E8 9.10411328E8 8.06048304E8 9.45738206E8 8.4524724E8 9.4549798E8 8.98781926E8 9.54189372E8 9.99858928E8 
9.27620584E8 8.83726828E8 9.33788878E8 9.910583E8 1.01494121E9 9.15893E8 9.96008796E8 9.10272766E8 8.06186528E8 9.45847646E8 8.45524434E8 9.45600336E8 8.98513192E8 9.54551746E8 1.000153916E9 
9.3901138E8 8.92470678E8 9.00143272E8 9.91260926E8 1.006087266E9 9.23348286E8 1.00782084E9 9.12600972E8 7.98520382E8 9.36401506E8 8.31847868E8 9.5053113E8 9.02219388E8 9.5947607E8 1.000865964E9 
9.3898143E8 8.92358942E8 9.00252004E8 9.91359398E8 1.006071788E9 9.23300268E8 1.007895304E9 9.12703518E8 7.98374892E8 9.36357298E8 8.31898918E8 9.50628444E8 9.0209338E8 9.59428532E8 1.000891162E9 
9.3905618E8 8.92528878E8 9.00046074E8 9.9136913E8 1.006172136E9 9.23285332E8 1.00774132E9 9.12688816E8 7.98589618E8 9.36361882E8 8.31797626E8 9.50431348E8 9.02203964E8 9.59688934E8 1.000920212E9 
9.38994498E8 8.92375574E8 9.00175772E8 9.91469614E8 1.006126806E9 9.23401024E8 1.007944616E9 9.12703002E8 7.98309446E8 9.36302072E8 8.31881608E8 9.50566904E8 9.02072948E8 9.59419324E8 1.000940388E9 
9.38995922E8 8.92447972E8 9.00100592E8 9.9130276E8 1.006087384E9 9.2341709E8 1.00790783E9 9.12590836E8 7.98428926E8 9.36122062E8 8.31852308E8 9.50444912E8 9.02173242E8 9.59447636E8 1.000982634E9 
9.39027654E8 8.9248954E8 9.00079626E8 9.91300748E8 1.006117236E9 9.2325338E8 1.007778998E9 9.12679196E8 7.98563608E8 9.36137664E8 8.31819376E8 9.5040667E8 9.0217825E8 9.59669708E8 1.000987656E9 
9.39030236E8 8.92506434E8 9.00079986E8 9.91254268E8 1.006065042E9 9.23356486E8 1.007801602E9 9.12630094E8 7.98537862E8 9.36443056E8 8.31902102E8 9.50522384E8 9.02230108E8 9.59385292E8 1.00099598E9 
9.38809476E8 8.92290304E8 9.00161132E8 9.9132558E8 1.006215692E9 9.23250868E8 1.007956402E9 9.126486E8 7.98527632E8 9.36497534E8 8.31753032E8 9.50571784E8 9.02281064E8 9.59780674E8 1.001246628E9 
9.3079561E8 8.85200378E8 9.0711363E8 1.000070176E9 1.008553292E9 9.2645863E8 1.017998384E9 9.09700502E8 8.03101982E8 9.33299552E8 8.30234856E8 9.52504364E8 8.9227331E8 9.63805068E8 1.001557638E9 
9.30693392E8 8.85135882E8 9.07210168E8 1.00017641E9 1.008620394E9 9.2634394E8 1.018171902E9 9.0974E8 8.03170734E8 9.33203822E8 8.30226128E8 9.52611928E8 8.92279398E8 9.63702706E8 1.001566328E9 
9.36682942E8 8.93062978E8 9.01154684E8 9.9381275E8 1.00707154E9 9.22069494E8 1.011252584E9 9.10197498E8 7.99126978E8 9.39101732E8 8.30463494E8 9.54544988E8 9.0138262E8 9.6180251E8 1.00198003E9 
9.32726062E8 8.86609544E8 8.99780062E8 9.98183182E8 1.015366638E9 9.23572482E8 1.01681189E9 9.17176944E8 8.09633008E8 9.30757922E8 8.31119294E8 9.47618472E8 8.91267474E8 9.5834227E8 1.002188994E9 
9.29602612E8 8.85389924E8 9.03143902E8 1.004142408E9 1.015195924E9 9.2096345E8 1.016281914E9 9.1193582E8 8.02671296E8 9.29408522E8 8.3283943E8 9.53755868E8 8.94456812E8 9.5900421E8 1.003294072E9 
9.09689466E8 8.77275424E8 9.02541562E8 9.72178592E8 1.021412938E9 9.43307222E8 1.008723054E9 9.15996094E8 7.95020878E8 9.25630582E8 8.50758472E8 9.68821032E8 8.92667842E8 9.81407018E8 1.00401138E9 
9.26568786E8 8.85057188E8 9.06412514E8 1.004015142E9 1.012852502E9 9.21998332E8 1.016366506E9 9.1521801E8 8.0244812E8 9.31813878E8 8.31508108E8 9.52059488E8 8.94900902E8 9.58026902E8 1.00411393E9 
9.26077096E8 8.88535684E8 8.95979932E8 9.93364258E8 1.009477084E9 9.23970762E8 1.01816449E9 9.11537582E8 8.07159764E8 9.36437634E8 8.31072366E8 9.56129008E8 8.9882481E8 9.61801808E8 1.00425673E9 
9.43753338E8 9.19723526E8 9.09082192E8 9.76480128E8 9.74870052E8 9.49876864E8 9.8982496E8 9.35829332E8 7.99944548E8 9.06699448E8 8.13501134E8 9.80382476E8 8.7605963E8 9.52766278E8 1.00432572E9 
9.306642E8 8.86222494E8 9.02234512E8 1.003923758E9 1.014922438E9 9.16093912E8 1.015750336E9 9.09603986E8 8.03188772E8 9.28757694E8 8.31354758E8 9.5901635E8 8.96523172E8 9.59865842E8 1.00436732E9 
9.26119724E8 8.88565932E8 8.95947238E8 9.93386228E8 1.009464286E9 9.23941206E8 1.018109968E9 9.11595674E8 8.07137626E8 9.36484146E8 8.31127098E8 9.56085534E8 8.98871976E8 9.61789936E8 1.004408814E9 
9.43845332E8 9.19744294E8 9.08939302E8 9.7630999E8 9.74873832E8 9.4978786E8 9.89771164E8 9.35982048E8 8.00058614E8 9.06720164E8 8.13338282E8 9.80449808E8 8.76040266E8 9.52939666E8 1.004445254E9 
9.4368288E8 9.19587394E8 9.09107814E8 9.76392656E8 9.74865024E8 9.49798398E8 9.89889306E8 9.35872356E8 7.99652384E8 9.0676481E8 8.13692588E8 9.80534548E8 8.76304546E8 9.52524652E8 1.004488498E9 
9.30085928E8 8.86000362E8 9.026061E8 1.003717966E9 1.01468977E9 9.16392088E8 1.015735978E9 9.09625754E8 8.03268956E8 9.28800574E8 8.3130219E8 9.58481282E8 8.96681348E8 9.60282454E8 1.004518008E9 
9.43739402E8 9.19767284E8 9.08646794E8 9.76291578E8 9.75206066E8 9.49780866E8 9.895655E8 9.35610424E8 8.00043134E8 9.06948784E8 8.1352207E8 9.80661232E8 8.76142094E8 9.5255247E8 1.004533282E9 
9.4375377E8 9.19571286E8 9.08872194E8 9.7623631E8 9.74971998E8 9.49691868E8 9.89675768E8 9.35726236E8 7.99851656E8 9.06843774E8 8.13508108E8 9.8057829E8 8.76363702E8 9.52677912E8 1.004562158E9 
9.43307804E8 9.19618696E8 9.09335922E8 9.7660306E8 9.7477518E8 9.49966214E8 9.9003686E8 9.3565974E8 7.99930094E8 9.0657533E8 8.13542454E8 9.80174432E8 8.76166498E8 9.52814716E8 1.00458594E9 
9.43197908E8 9.19458864E8 9.09415168E8 9.76441366E8 9.74873868E8 9.4986132E8 9.90078414E8 9.35728466E8 7.9970641E8 9.06661698E8 8.13797828E8 9.80440508E8 8.76349352E8 9.52551088E8 1.004607202E9 
9.43281044E8 9.19603082E8 9.09369588E8 9.76517366E8 9.74782086E8 9.49956448E8 9.90022704E8 9.35700136E8 7.99894684E8 9.06550004E8 8.13535452E8 9.80252668E8 8.76111922E8 9.52825834E8 1.004611456E9 
9.43793156E8 9.19593894E8 9.0882603E8 9.76304672E8 9.74887694E8 9.49714206E8 9.8970205E8 9.3573106E8 7.9978311E8 9.06832888E8 8.13428592E8 9.80467076E8 8.76431938E8 9.52709102E8 1.00472894E9 
9.43748124E8 9.1976687E8 9.0848182E8 9.76301902E8 9.75123568E8 9.4973819E8 9.89631312E8 9.35576834E8 7.99975836E8 9.07011812E8 8.13314428E8 9.80529518E8 8.76288782E8 9.526066E8 1.00477637E9 
9.43385224E8 9.1961644E8 9.09066618E8 9.76365852E8 9.74799766E8 9.49811368E8 9.90045324E8 9.35806752E8 8.0004267E8 9.06670994E8 8.13232424E8 9.80224138E8 8.7622174E8 9.5302547E8 1.004781616E9 
9.43347622E8 9.19489064E8 9.0907976E8 9.76427604E8 9.74792822E8 9.49803556E8 9.8991395E8 9.35561468E8 7.99768656E8 9.0670877E8 8.13469912E8 9.80259032E8 8.76538806E8 9.5275754E8 1.00498916E9 
9.28870812E8 8.86373014E8 9.03404306E8 1.00320569E9 1.014017576E9 9.1592573E8 1.015187422E9 9.10855772E8 8.03582936E8 9.28894606E8 8.30668304E8 9.57606086E8 8.97144508E8 9.60332434E8 1.005349256E9 
9.2859543E8 8.86135648E8 9.04198372E8 1.004157488E9 1.014030268E9 9.17205198E8 1.01505267E9 9.11512414E8 8.02282282E8 9.31985646E8 8.2968192E8 9.5701991E8 8.98067662E8 9.58474694E8 1.005921538E9 
9.2983561E8 8.85693748E8 9.052395E8 9.97224302E8 1.013072828E9 9.18429302E8 1.014711462E9 9.14692368E8 8.0614768E8 9.3289553E8 8.31010338E8 9.50128776E8 8.93677208E8 9.57783388E8 1.00618139E9 
9.33038358E8 9.09688172E8 9.03527952E8 9.95748392E8 1.000149154E9 9.33570826E8 9.8320578E8 9.26999384E8 7.99730616E8 9.16767308E8 8.19996788E8 9.93339314E8 8.75974992E8 9.47475292E8 1.013520226E9 
9.3311718E8 9.09578302E8 9.03509898E8 9.95702888E8 1.000116456E9 9.33628384E8 9.83219096E8 9.2711818E8 7.99705726E8 9.16713408E8 8.20062504E8 9.93077154E8 8.76071888E8 9.47411602E8 1.01362998E9 
9.2616927E8 9.12371538E8 9.27482926E8 9.73422874E8 9.65752142E8 9.5654917E8 1.00232434E9 9.2911507E8 7.95338496E8 9.03938932E8 8.15840538E8 9.80032368E8 8.92643618E8 9.55175282E8 1.014014038E9 
9.26456508E8 9.12289684E8 9.27215208E8 9.73363816E8 9.65973954E8 9.5634117E8 1.002338708E9 9.29438078E8 7.95121992E8 9.03942778E8 8.15848408E8 9.8015055E8 8.92780034E8 9.54893322E8 1.014032572E9 
9.2595177E8 9.1248845E8 9.27329466E8 9.73633888E8 9.66460732E8 9.56617998E8 1.00224491E9 9.29113954E8 7.9531491E8 9.04254342E8 8.16085416E8 9.80354452E8 8.92513876E8 9.54723188E8 1.014053626E9 
9.26097392E8 9.12151112E8 9.2780423E8 9.7325444E8 9.6559117E8 9.56408828E8 1.002479742E9 9.28909758E8 7.95189626E8 9.03836336E8 8.15796306E8 9.8018984E8 8.93200218E8 9.55208744E8 1.014076548E9 
9.26290066E8 9.12055522E8 9.27873944E8 9.7299265E8 9.65592134E8 9.56356276E8 1.002516342E9 9.28787318E8 7.95213536E8 9.03831168E8 8.1558627E8 9.80263908E8 8.93675416E8 9.55447792E8 1.01426313E9 
9.26320624E8 9.12068208E8 9.27574732E8 9.7305804E8 9.65610726E8 9.56245444E8 1.002515166E9 9.29007836E8 7.9502799E8 9.03972724E8 8.15579026E8 9.80274462E8 8.9354331E8 9.55151876E8 1.01427101E9 
9.370959E8 9.1081283E8 9.30720058E8 9.59570668E8 9.6331141E8 9.50503928E8 9.95619158E8 9.22231354E8 7.96818584E8 9.0136073E8 8.07231208E8 9.8551293E8 9.01595604E8 9.64587804E8 1.01627588E9 
9.36871562E8 9.10965018E8 9.30927926E8 9.59573414E8 9.62894568E8 9.5059604E8 9.95670466E8 9.2188427E8 7.96981378E8 9.01523534E8 8.0693366E8 9.85423408E8 9.01795168E8 9.65095436E8 1.016545748E9 
9.69920926E8 9.16204408E8 8.98190374E8 9.67478394E8 9.54208794E8 9.46873466E8 9.83038724E8 9.40541284E8 7.9020917E8 9.18757604E8 8.0985021E8 9.93827534E8 8.5982075E8 9.75125318E8 1.018601346E9 
9.69839536E8 9.1642629E8 8.97950286E8 9.67479168E8 9.54541768E8 9.47038308E8 9.82791646E8 9.40420774E8 7.905988E8 9.19098986E8 8.09529914E8 9.9383793E8 8.59669984E8 9.75356406E8 1.018734334E9 
9.70006546E8 9.16284856E8 8.97917644E8 9.67518448E8 9.54159532E8 9.46803912E8 9.82867972E8 9.40517298E8 7.90293924E8 9.18821932E8 8.09669344E8 9.93768818E8 8.59842694E8 9.75250968E8 1.018808062E9 
9.70186354E8 9.1578339E8 8.98395808E8 9.67585498E8 9.54005784E8 9.4639313E8 9.82568578E8 9.4058984E8 7.90339582E8 9.1879113E8 8.09762644E8 9.9395618E8 8.5990065E8 9.7571516E8 1.01892411E9 
9.70235558E8 9.15828866E8 8.98358652E8 9.67587764E8 9.53964588E8 9.46433982E8 9.82556336E8 9.40622798E8 7.90367476E8 9.18562392E8 8.09937662E8 9.93789594E8 8.59904382E8 9.75785412E8 1.018927232E9 
9.70217758E8 9.15863584E8 8.98426192E8 9.67415744E8 9.54082832E8 9.46509114E8 9.8258433E8 9.40266766E8 7.90229704E8 9.18523778E8 8.09771356E8 9.94114944E8 8.59933682E8 9.75736938E8 1.019102582E9 
9.70128696E8 9.15983272E8 8.98507892E8 9.67182376E8 9.5417272E8 9.46410134E8 9.82811966E8 9.40496892E8 7.9022645E8 9.18735166E8 8.09605126E8 9.94216694E8 8.59760602E8 9.75627322E8 1.019168148E9 
9.70039878E8 9.16182984E8 8.98194078E8 9.6762617E8 9.54594034E8 9.46675134E8 9.82559358E8 9.40060494E8 7.9026438E8 9.19024204E8 8.09607112E8 9.94218934E8 8.59700584E8 9.75361866E8 1.019182092E9 
9.70168134E8 9.16007986E8 8.98444164E8 9.67216698E8 9.54013366E8 9.46436604E8 9.82823256E8 9.40416758E8 7.90187862E8 9.18719962E8 8.0959115E8 9.94081354E8 8.59822382E8 9.75661378E8 1.019306454E9 
9.70196736E8 9.1626052E8 8.98009324E8 9.67281202E8 9.5437588E8 9.4644336E8 9.82519322E8 9.40362826E8 7.90490102E8 9.18916804E8 8.0943086E8 9.9424312E8 8.59570014E8 9.75614762E8 1.019355072E9 
9.70214314E8 9.16064482E8 8.98235278E8 9.67204128E8 9.54123668E8 9.46340624E8 9.82638262E8 9.40461524E8 7.90311346E8 9.18811954E8 8.094197E8 9.94158058E8 8.59788672E8 9.75752296E8 1.019382386E9 
9.7006435E8 9.16299048E8 8.97873594E8 9.67445912E8 9.5460035E8 9.46594136E8 9.82562162E8 9.40245936E8 7.90400438E8 9.1906584E8 8.09375722E8 9.94176688E8 8.5959842E8 9.75490948E8 1.019409572E9 
9.70253754E8 9.16088434E8 8.98171434E8 9.67256752E8 9.53964104E8 9.4636705E8 9.82652504E8 9.40392772E8 7.90272616E8 9.1878429E8 8.09410284E8 9.94022638E8 8.59844326E8 9.75787028E8 1.01951317E9 
9.70217424E8 9.16166776E8 8.98296252E8 9.67058282E8 9.54022342E8 9.46449484E8 9.82598116E8 9.4052654E8 7.9058035E8 9.1881859E8 8.09291822E8 9.93973534E8 8.59660442E8 9.76098792E8 1.019543292E9 
9.48994012E8 8.89613284E8 9.35950992E8 9.65476648E8 9.44696744E8 9.5262942E8 1.006518174E9 9.13759286E8 7.82386466E8 9.0059543E8 8.0415483E8 9.85830042E8 9.08673594E8 9.80532112E8 1.034697758E9 
9.4868204E8 8.89710926E8 9.3599474E8 9.65888458E8 9.44855152E8 9.52698674E8 1.0064487E9 9.13627566E8 7.82318388E8 9.00896178E8 8.04029814E8 9.85787336E8 9.08650588E8 9.8044874E8 1.034797576E9 
9.48967248E8 8.89594142E8 9.35899782E8 9.65579302E8 9.44692128E8 9.52719552E8 1.00656312E9 9.13809966E8 7.82321148E8 9.00698398E8 8.04091846E8 9.85716126E8 9.08667822E8 9.8048489E8 1.034809068E9 
9.48945644E8 8.89513296E8 9.35971152E8 9.65373118E8 9.44528974E8 9.52454518E8 1.006526026E9 9.14016684E8 7.82356718E8 9.00567356E8 8.0406829E8 9.8573429E8 9.08640104E8 9.80691356E8 1.03484549E9 
9.49054098E8 8.89504358E8 9.36073006E8 9.65315758E8 9.44513766E8 9.52627682E8 1.006574236E9 9.13925988E8 7.82396808E8 9.00625388E8 8.0394106E8 9.85675246E8 9.08729144E8 9.80842528E8 1.034879646E9 
9.491203E8 8.89542754E8 9.36076898E8 9.65313966E8 9.44453898E8 9.52564E8 1.00655523E9 9.13942624E8 7.82423208E8 9.00496276E8 8.03933288E8 9.85665892E8 9.08796806E8 9.80908236E8 1.034908602E9 
9.48985082E8 8.8953255E8 9.35923834E8 9.6547398E8 9.4446449E8 9.52480968E8 1.006551966E9 9.14084E8 7.823178E8 9.00541212E8 8.03997534E8 9.8561102E8 9.08701994E8 9.80709842E8 1.034985756E9 
9.488501E8 8.895986E8 9.36021824E8 9.65377052E8 9.4427097E8 9.52395516E8 1.006547052E9 9.13900628E8 7.8236573E8 9.00700556E8 8.03894762E8 9.8571198E8 9.0874252E8 9.80854274E8 1.034995686E9 
9.4893827E8 8.89606938E8 9.36285804E8 9.65211328E8 9.44162484E8 9.5248285E8 1.006497966E9 9.13698314E8 7.82486516E8 9.00698384E8 8.03812248E8 9.8554835E8 9.0889748E8 9.81172612E8 1.035089892E9 
9.48754084E8 8.8967579E8 9.36330748E8 9.65236026E8 9.44092088E8 9.52503434E8 1.006512186E9 9.13637628E8 7.82535478E8 9.00820544E8 8.03773208E8 9.85533578E8 9.08844392E8 9.81314552E8 1.035155924E9 
9.48784186E8 8.89591858E8 9.36434632E8 9.65297944E8 9.44153944E8 9.52490676E8 1.006494198E9 9.13630392E8 7.82563888E8 9.00614648E8 8.03876288E8 9.8547831E8 9.08939886E8 9.81274494E8 1.035165574E9 
9.55846426E8 9.0279309E8 9.21520332E8 9.48215344E8 9.62138714E8 9.41361562E8 9.80158668E8 9.32626154E8 7.9624072E8 8.99120624E8 8.03030802E8 9.99293924E8 8.79018886E8 9.8764984E8 1.040783334E9 
9.55347796E8 9.03003166E8 9.21540114E8 9.47897728E8 9.6206418E8 9.41681324E8 9.80027048E8 9.32518978E8 7.96791468E8 8.99015274E8 8.02688672E8 9.9899547E8 8.79321406E8 9.87969636E8 1.040902236E9 
9.5538614E8 9.02870594E8 9.21740172E8 9.47837692E8 9.6207907E8 9.4179583E8 9.80127504E8 9.32267378E8 7.96607228E8 8.9915598E8 8.02679936E8 9.99022242E8 8.79555996E8 9.87920822E8 1.04090336E9 
9.45883692E8 8.97478144E8 9.39854076E8 9.46727508E8 9.52779376E8 9.37832476E8 9.90622616E8 9.22421804E8 7.9157955E8 8.95553042E8 8.02480316E8 9.99042594E8 8.94177086E8 9.90935358E8 1.043079838E9 
9.6122909E8 9.0285232E8 9.25457376E8 9.55110162E8 9.6013475E8 9.23940988E8 9.83506784E8 9.31659228E8 7.93504478E8 9.00443868E8 7.98751094E8 9.98374978E8 8.71805328E8 9.9212321E8 1.050242438E9 
9.61241414E8 9.0290839E8 9.25362546E8 9.55080158E8 9.60067134E8 9.23821774E8 9.834874E8 9.31671928E8 7.93654636E8 9.0046944E8 7.98521132E8 9.98269696E8 8.7176663E8 9.9231758E8 1.05034873E9 
9.60640382E8 9.0275786E8 9.25110426E8 9.55418256E8 9.60113796E8 9.24239968E8 9.83676004E8 9.31561758E8 7.9360173E8 9.00469536E8 7.98809072E8 9.98046306E8 8.72012644E8 9.91944406E8 1.050406166E9 
9.61264186E8 9.03009642E8 9.25384764E8 9.54968514E8 9.60085558E8 9.23729586E8 9.8345152E8 9.31660226E8 7.93655322E8 9.00554722E8 7.98447814E8 9.98282526E8 8.7181664E8 9.92251532E8 1.05044487E9 
9.60699394E8 9.02802418E8 9.25474654E8 9.55338544E8 9.60080358E8 9.24115184E8 9.83864622E8 9.31633466E8 7.93460296E8 9.00455304E8 7.98852166E8 9.98077214E8 8.72067068E8 9.91888298E8 1.050486604E9 
9.60896032E8 9.02762466E8 9.25711106E8 9.55233094E8 9.60042244E8 9.24016116E8 9.83917844E8 9.31489454E8 7.93533938E8 9.00321856E8 7.9870027E8 9.98166934E8 8.71902212E8 9.92193904E8 1.050498966E9 
9.60784266E8 9.0295903E8 9.25326026E8 9.55260846E8 9.60085086E8 9.23996862E8 9.83770024E8 9.31743158E8 7.93866634E8 9.00411414E8 7.98504892E8 9.9802017E8 8.71819144E8 9.92303276E8 1.05055814E9 
9.60908356E8 9.02818536E8 9.25616276E8 9.5520309E8 9.59974628E8 9.23896902E8 9.8389846E8 9.31502154E8 7.93684096E8 9.00347428E8 7.98470308E8 9.98061652E8 8.71863514E8 9.92388274E8 1.050605258E9 
9.60926304E8 9.02916414E8 9.25639046E8 9.5508667E8 9.60012236E8 9.23804736E8 9.83877898E8 9.31508586E8 7.93688236E8 9.00432638E8 7.98394262E8 9.98076976E8 8.7191201E8 9.92322134E8 1.05070203E9 
9.50933686E8 8.943465E8 9.55689816E8 9.42294696E8 9.52825992E8 9.32847962E8 9.82733292E8 9.13490844E8 7.9320559E8 9.00380956E8 8.01542252E8 1.003045128E9 8.90334328E8 1.006516436E9 1.051075276E9 


