#Tue May 14 16:22:15 EST 2013
mating_pool=80
mutation_dist=3
algo_name=IBEA_eps
stopping_criterion=1000000
comparator=multiObjective.EpsIndComparator
sol_type=solver.mosolver.IBEASolution
algo_type=solver.mosolver.GenericNoDuplicatesMOGA
logging=false
rand_seed_for_pop=888
desired_solutions=5,10,15
problemfile=50fac5to20obj\\\\50fac15obj.txt
o=2
HV_sample=100000
runs=30
k=10
rand_seed=clock
problemtype=MOQAP
tournament_size=2
vads=true
mutation_prob=0.1
reweighting_interval=100
c=8
crossover_prob=0.01
delta=10
targets=50
population=100
Used function evaluations: 1000000

Complete Population
1.020971026E9 9.14004406E8 1.01675246E9 1.095880666E9 1.002618904E9 1.142964006E9 1.080033766E9 1.069313234E9 9.30227324E8 9.60155228E8 9.90955376E8 9.41317284E8 1.003230092E9 9.706524E8 9.57722224E8 
1.009268722E9 9.18395324E8 1.07529497E9 9.78742874E8 1.115591214E9 1.156775058E9 9.6409061E8 9.66319758E8 9.82012698E8 1.01716342E9 9.82236744E8 1.056874834E9 8.86779928E8 1.011089928E9 9.72362656E8 
9.30150306E8 8.80124816E8 1.00951278E9 9.9259637E8 1.10978277E9 1.13503367E9 1.075403956E9 9.73691822E8 9.4077436E8 1.032446352E9 9.1869438E8 1.046503894E9 9.5877031E8 9.8094477E8 9.76799806E8 
9.82171232E8 9.53849754E8 1.068011164E9 1.089515682E9 1.166729708E9 1.15331709E9 9.50746986E8 9.3376755E8 9.32221912E8 9.68366812E8 9.73280298E8 9.91599636E8 8.58198596E8 1.058105112E9 9.77825072E8 
9.56407484E8 9.24554354E8 9.96447226E8 1.024435578E9 1.038971952E9 1.156240736E9 1.029667266E9 1.077389902E9 8.99382068E8 1.027625284E9 9.5439667E8 9.87466174E8 8.03609714E8 1.031502886E9 9.78435494E8 
1.047466538E9 9.34607736E8 1.019387408E9 1.092408282E9 9.92501898E8 1.13891604E9 1.045213262E9 1.076154998E9 9.298529E8 1.011355942E9 1.002823502E9 9.20905268E8 1.001921076E9 9.42464868E8 9.8179221E8 
1.017736886E9 9.23906946E8 1.024534158E9 1.10475465E9 1.040757348E9 1.098213402E9 1.07633167E9 1.025118378E9 9.29746452E8 9.43474764E8 1.002234126E9 9.03296284E8 9.66170988E8 9.15524238E8 9.82458876E8 
9.7605878E8 9.42042262E8 1.072721274E9 1.054087014E9 1.139921488E9 1.18535161E9 9.38742302E8 9.59598006E8 9.58559686E8 9.60202396E8 9.77725892E8 9.59385594E8 8.72395214E8 1.055914808E9 9.83720958E8 
9.03567382E8 9.03520506E8 1.000981326E9 1.049592018E9 1.038715982E9 1.16361287E9 1.026634356E9 1.048832728E9 8.8569973E8 1.056050072E9 9.63642026E8 1.028537764E9 8.22126722E8 1.010530292E9 9.87745674E8 
9.75123822E8 9.46212472E8 1.070597404E9 1.101903912E9 1.119903832E9 1.143992628E9 9.71135842E8 9.25057514E8 9.41040382E8 9.68536256E8 9.9884096E8 1.01803304E9 8.5633207E8 1.07796917E9 9.8925859E8 
9.31272888E8 9.70197806E8 1.021438564E9 9.57552582E8 1.184456706E9 1.05395675E9 1.154119588E9 1.109721352E9 1.018816078E9 1.059863338E9 9.05323234E8 1.04969139E9 8.73959084E8 9.78696344E8 9.93521844E8 
9.0270871E8 9.38194224E8 1.054393258E9 9.39707576E8 1.121968818E9 1.06557504E9 1.158282672E9 1.095226498E9 1.003663716E9 1.04142537E9 9.08312358E8 1.020346112E9 8.57359948E8 1.024514452E9 9.96896286E8 
9.34384668E8 9.3150812E8 1.051129156E9 1.084631062E9 1.001805516E9 1.111292968E9 1.025584976E9 1.009522256E9 9.47245558E8 9.28066052E8 9.44336068E8 1.039233286E9 8.9647096E8 1.043175028E9 9.99680042E8 
9.32542796E8 8.77805768E8 9.36682514E8 1.008196312E9 1.075226464E9 1.031483222E9 1.165289348E9 8.70987602E8 9.36804636E8 1.029491634E9 8.4664062E8 1.00652472E9 8.37746718E8 1.011981004E9 1.005639514E9 
9.94308524E8 8.86565056E8 1.046160952E9 1.151398374E9 1.033708964E9 1.134825672E9 1.085781922E9 1.030613434E9 9.35130412E8 9.84383536E8 9.94401346E8 9.61083E8 1.018198998E9 9.03876114E8 1.008402826E9 
9.28925172E8 9.35421534E8 1.07492935E9 1.104837666E9 1.015397572E9 1.098245242E9 1.028233652E9 1.027500616E9 9.54328424E8 9.54429704E8 9.4500915E8 1.018643408E9 9.04868724E8 9.99748168E8 1.01132526E9 
1.011509758E9 9.14572738E8 9.53604608E8 9.5960302E8 1.109310562E9 1.117005684E9 9.46027496E8 9.8014422E8 9.07525668E8 1.019691388E9 8.05830832E8 9.52956684E8 9.0858001E8 1.023831944E9 1.012294204E9 
9.87466842E8 9.60778664E8 9.6942992E8 9.95799818E8 1.193458446E9 1.081616524E9 1.146760758E9 1.008716606E9 9.50105992E8 1.014232144E9 9.154007E8 9.36671504E8 8.24577336E8 9.22488214E8 1.014905552E9 
8.66286856E8 9.1895223E8 1.0657364E9 1.118874216E9 1.035850178E9 1.13867345E9 1.070374092E9 9.8618233E8 9.59235496E8 9.31150242E8 9.65641036E8 1.015766872E9 9.01023534E8 1.056506358E9 1.015061442E9 
9.85422456E8 9.31435266E8 9.25261628E8 9.51273852E8 1.084975032E9 1.097791456E9 9.29987922E8 9.47276782E8 8.94619976E8 1.023585882E9 8.02955746E8 9.92752022E8 9.28047626E8 1.006962384E9 1.027926596E9 
1.012461284E9 9.72782364E8 9.5957863E8 9.65117458E8 1.160283084E9 1.110369162E9 1.164825064E9 1.00795489E9 9.5077764E8 1.03158378E9 9.04366422E8 9.51020318E8 8.87382658E8 9.36952274E8 1.032181894E9 
9.29517726E8 8.67151962E8 1.01511132E9 1.055150202E9 1.082351612E9 1.047951146E9 1.044300204E9 9.3134663E8 9.7634599E8 9.94473636E8 8.78717152E8 1.07089014E9 9.42691016E8 1.009652122E9 1.037698632E9 
8.24294006E8 9.17976722E8 1.111719762E9 1.037282628E9 1.147361952E9 1.11071876E9 1.10083696E9 1.009706128E9 9.89274244E8 1.09283263E9 9.29131872E8 1.001704932E9 8.7322492E8 1.049600562E9 1.043144686E9 
1.029857582E9 9.68313976E8 9.30544574E8 1.037474584E9 1.107317718E9 1.012042372E9 1.079778204E9 8.75447244E8 8.84525806E8 9.59431732E8 8.30204014E8 9.84470664E8 8.41075672E8 1.114204096E9 1.045789612E9 
9.33163518E8 9.10665024E8 1.053683046E9 1.041832442E9 1.10316228E9 1.089369718E9 1.151956526E9 9.17987714E8 9.07340016E8 9.8770936E8 9.0638482E8 1.019887114E9 8.28028198E8 9.59499396E8 1.046049226E9 
9.38521574E8 9.2127433E8 9.42846088E8 9.81238438E8 1.118262316E9 1.132139852E9 9.3816382E8 9.44758328E8 8.8119703E8 1.03453504E9 8.3290131E8 9.77787064E8 9.24110174E8 1.022611446E9 1.048468884E9 
1.026940492E9 9.88790422E8 9.7618563E8 9.84738894E8 1.218040388E9 1.11591245E9 1.163486746E9 1.040252406E9 9.83010742E8 1.024414148E9 9.20892544E8 9.65656976E8 7.9576893E8 9.52773992E8 1.049917108E9 
9.66888658E8 9.67470944E8 9.80820476E8 1.071634394E9 1.083923652E9 1.010907092E9 1.0221068E9 8.72197744E8 9.32737684E8 9.71172794E8 8.33554808E8 9.42916776E8 8.58277466E8 1.07909609E9 1.05370656E9 
9.91305338E8 9.2444902E8 1.02231342E9 1.077495126E9 1.098756822E9 1.065649888E9 1.088583406E9 9.08904094E8 9.10673858E8 9.41245076E8 9.01576242E8 9.90693158E8 8.35070502E8 9.28870788E8 1.054328852E9 
9.63574188E8 9.32866672E8 9.68602132E8 1.075032664E9 1.023552208E9 1.123073348E9 1.162518858E9 9.79825322E8 9.54486466E8 9.37647882E8 9.27508438E8 8.60178706E8 8.53522218E8 1.091658918E9 1.069035014E9 
9.60616316E8 9.5866968E8 8.71813458E8 9.67393948E8 1.102596486E9 1.165843052E9 1.01144882E9 9.92448668E8 9.1439362E8 9.91497746E8 8.25098454E8 9.96454034E8 9.5216564E8 1.049790578E9 1.0702953E9 
1.013878824E9 9.00704286E8 9.87572758E8 1.01071663E9 1.058441494E9 1.111445242E9 9.64693564E8 9.6179513E8 8.80418814E8 1.010615702E9 8.55181356E8 9.26761286E8 9.2977827E8 1.030071476E9 1.072007026E9 
1.044827998E9 9.91748304E8 9.60120202E8 9.85407634E8 1.097613272E9 1.216373904E9 1.098044794E9 9.19132794E8 9.801801E8 9.16082266E8 9.18631668E8 1.030743994E9 8.98635104E8 9.26213104E8 1.07245333E9 
9.69476482E8 9.30880816E8 9.59376264E8 1.064195458E9 1.059336268E9 9.93612204E8 1.051220388E9 8.7885841E8 9.36216278E8 9.70160976E8 8.1688115E8 9.28188072E8 8.80092642E8 1.057713118E9 1.072724182E9 
9.3084861E8 9.8387106E8 1.008079838E9 1.052623732E9 1.135867564E9 1.16020405E9 1.088901854E9 9.53479712E8 8.93275484E8 9.76631072E8 8.88736518E8 9.1905695E8 8.05174408E8 9.28172762E8 1.074624236E9 
9.41673756E8 9.4569922E8 9.61433372E8 9.89981166E8 1.107121676E9 1.07748144E9 1.04934511E9 9.92576874E8 9.77873762E8 1.004642998E9 9.77977432E8 9.93836708E8 8.11417038E8 9.83254352E8 1.07474535E9 
9.8341739E8 9.5446437E8 9.93473812E8 1.060400086E9 1.07456217E9 1.017572496E9 1.070056552E9 8.96522186E8 9.26392738E8 9.61741336E8 8.21497636E8 9.22326096E8 8.29637892E8 1.043534368E9 1.074806282E9 
1.002011376E9 8.68106324E8 9.61850942E8 1.044388142E9 1.039844024E9 1.039158514E9 1.128428018E9 8.8777427E8 9.0004075E8 9.432543E8 9.17053406E8 9.84417948E8 8.47408252E8 1.087344972E9 1.075473142E9 
9.13169998E8 9.24056578E8 9.8979908E8 1.06473769E9 1.138689644E9 1.123572466E9 1.146168522E9 9.29530712E8 9.01665166E8 9.65352384E8 8.6783729E8 9.1217201E8 8.20166312E8 9.32800348E8 1.078350832E9 
9.47550382E8 8.66755182E8 9.85449676E8 1.052945808E9 1.088428148E9 1.043164702E9 1.114981624E9 8.5436758E8 9.39209236E8 9.40028768E8 8.46730976E8 9.9957048E8 8.95821374E8 1.08990847E9 1.078966444E9 
9.64180394E8 9.45855826E8 9.66090192E8 9.27278872E8 1.00760714E9 1.102116406E9 1.09685106E9 1.010595286E9 9.81567508E8 9.99716688E8 9.59815946E8 1.02876778E9 8.62835838E8 9.61633878E8 1.079697542E9 
9.91213584E8 9.56987214E8 9.70482232E8 1.060698894E9 1.094523354E9 1.129990896E9 1.11833697E9 8.92752146E8 9.76883794E8 9.07795586E8 9.18281734E8 9.8786277E8 8.4536758E8 9.81370098E8 1.08093966E9 
9.39979136E8 9.23403282E8 9.94899228E8 1.03191594E9 9.94429194E8 1.02106154E9 1.085185042E9 1.054446328E9 9.22937664E8 9.4924357E8 9.48007348E8 9.56767158E8 8.40690988E8 1.028462414E9 1.08156861E9 
9.5274057E8 9.1330779E8 1.015208826E9 9.53237188E8 1.058970482E9 1.041902034E9 1.160095902E9 9.1857495E8 9.86255112E8 9.25865602E8 8.84309892E8 9.90820716E8 8.6398258E8 1.105264346E9 1.084771852E9 
9.72454832E8 9.02292746E8 9.38382946E8 9.9507468E8 1.0354223E9 1.057020456E9 1.018050484E9 8.70847276E8 9.2241301E8 1.06476436E9 9.13390232E8 9.6154212E8 8.51478354E8 1.012995708E9 1.087476222E9 
9.91310826E8 9.77190394E8 1.026120746E9 1.035169604E9 1.047829354E9 1.027178474E9 1.10806224E9 9.43404516E8 9.3482974E8 1.017645966E9 8.2467906E8 9.05575164E8 8.22897316E8 1.097661426E9 1.087539134E9 
9.15341854E8 9.63137592E8 9.53230532E8 9.82855298E8 1.054555658E9 1.099843184E9 9.75285676E8 9.4071253E8 8.9121418E8 1.122567412E9 9.41691184E8 1.015795508E9 8.25717774E8 9.92921458E8 1.089671262E9 
9.11466482E8 9.12515498E8 1.00636814E9 1.080992662E9 1.158237148E9 1.059042096E9 1.069346332E9 8.37397346E8 9.15036496E8 1.075524632E9 8.18817356E8 1.02314046E9 9.07901356E8 9.71233122E8 1.090549658E9 
9.86973672E8 9.05477968E8 9.81585504E8 9.86035514E8 1.078169248E9 1.02249302E9 1.019991384E9 9.21526642E8 8.8254022E8 1.096780894E9 8.62173522E8 1.019423468E9 8.57947942E8 1.019675334E9 1.09346231E9 
1.005963076E9 9.40159798E8 9.7018361E8 1.0299479E9 1.170734576E9 1.109811282E9 1.113053916E9 8.1782122E8 9.41897518E8 1.108637552E9 8.83818648E8 1.039250734E9 8.59640564E8 9.38969144E8 1.09364656E9 
9.2075242E8 9.09137444E8 1.01576472E9 1.090106916E9 1.191968256E9 1.046250166E9 1.056451972E9 8.14342402E8 9.34029158E8 1.07581952E9 8.49347162E8 1.032301958E9 9.14831374E8 9.64537388E8 1.098822744E9 
9.43755506E8 9.21313772E8 9.5995978E8 9.70857206E8 1.052197734E9 1.11662486E9 9.51971848E8 9.59780928E8 9.06326744E8 1.034700586E9 8.47179274E8 9.32444626E8 8.8877324E8 1.130231938E9 1.10406014E9 
9.87056022E8 9.25529658E8 9.44114554E8 9.89412872E8 1.060522316E9 1.01190195E9 9.73118532E8 8.9743987E8 8.59231466E8 1.098494448E9 8.8919337E8 1.000471708E9 8.3753655E8 1.024380766E9 1.10545182E9 
9.15202428E8 9.56779752E8 1.013627352E9 1.11744416E9 1.186245452E9 1.053701258E9 1.046258962E9 8.33608468E8 9.27950502E8 1.071631442E9 8.67781638E8 9.55436896E8 9.42295458E8 9.79330478E8 1.105660972E9 
9.5669004E8 9.43064078E8 9.45043762E8 9.9913239E8 1.085441912E9 1.05360945E9 9.71261292E8 9.34211732E8 8.65359454E8 1.116441054E9 9.22826132E8 9.8863508E8 8.29874336E8 1.000236404E9 1.106695422E9 
9.6215537E8 8.38393772E8 1.047916266E9 1.16566165E9 1.104432416E9 1.018607174E9 1.105863076E9 9.03621372E8 8.993025E8 1.155243942E9 8.83606404E8 9.5065443E8 9.15266128E8 1.019572348E9 1.109501662E9 
9.12839734E8 9.46536512E8 1.010887778E9 1.084239086E9 1.158020364E9 1.19628572E9 1.10833094E9 9.67079558E8 9.0058406E8 1.000332588E9 8.75289932E8 9.31373556E8 8.10851704E8 9.20872194E8 1.115939562E9 
1.026435848E9 9.42143518E8 9.37489482E8 9.12985692E8 1.088253134E9 1.10508899E9 1.15660803E9 8.7046455E8 9.56958104E8 9.89738676E8 8.20639904E8 1.040772694E9 9.11673466E8 1.078913998E9 1.116422918E9 
9.32063352E8 9.75519706E8 9.34557522E8 9.6472914E8 1.11688852E9 1.16441943E9 9.82527618E8 1.027663182E9 9.65760396E8 9.89492292E8 9.90331734E8 1.048206916E9 8.2728362E8 9.79876836E8 1.118755202E9 
8.99596644E8 9.20104884E8 9.91131578E8 1.04855991E9 1.141644422E9 1.10014848E9 1.125099032E9 9.34428452E8 8.93130412E8 1.0036056E9 8.63809808E8 9.39938088E8 8.35494126E8 9.27066608E8 1.11983089E9 
9.42430256E8 9.42862514E8 9.36961426E8 9.54706006E8 1.09524988E9 1.161465068E9 9.87050574E8 1.00656337E9 9.41764896E8 1.019007678E9 9.42276266E8 1.094604872E9 8.48287218E8 9.43997288E8 1.12229747E9 
9.65538202E8 8.77228828E8 9.91475054E8 9.99107534E8 1.080155734E9 1.051556786E9 9.78234856E8 9.50507678E8 9.34304718E8 1.11789052E9 9.10876464E8 9.99641982E8 8.6026289E8 9.97096084E8 1.124724178E9 
9.27337338E8 8.43604478E8 1.054417324E9 1.065341042E9 1.15957414E9 9.79683982E8 1.097007874E9 9.22462262E8 8.9289551E8 1.18926306E9 9.10729184E8 9.8127408E8 9.36925352E8 9.88029986E8 1.127459368E9 
9.63313946E8 9.10997806E8 9.96820066E8 1.042469282E9 9.25181702E8 1.119101586E9 1.12264778E9 9.82852992E8 9.60104412E8 9.5416219E8 9.08998498E8 9.29221658E8 8.98376068E8 1.10564859E9 1.127944264E9 
9.91541898E8 8.8926877E8 9.654801E8 9.23846684E8 1.072458892E9 1.093191098E9 1.002930862E9 9.76006978E8 9.0795652E8 9.77150274E8 8.47964422E8 9.14773502E8 9.6446128E8 1.069486812E9 1.130976608E9 
9.23102362E8 8.20950324E8 1.074581294E9 1.093310404E9 1.114082978E9 9.7739512E8 1.082304642E9 9.12432436E8 8.8519173E8 1.183096264E9 9.15880876E8 9.95414572E8 9.22400748E8 1.010751132E9 1.131694444E9 
9.66392762E8 9.7223191E8 9.32068994E8 9.91581786E8 1.139394508E9 1.070085782E9 1.016339554E9 1.051688988E9 9.99601448E8 1.005080692E9 9.94046606E8 9.80102332E8 8.02147594E8 9.97150262E8 1.132252202E9 
9.44175544E8 9.32015742E8 9.36637528E8 9.7822912E8 1.082009212E9 1.127533414E9 9.43838772E8 9.94502436E8 9.2968002E8 1.05449473E9 8.61093098E8 9.29826728E8 8.67014582E8 1.091696748E9 1.132425098E9 
9.44918162E8 9.43761818E8 9.28945586E8 9.78499004E8 1.055122616E9 1.122303708E9 9.71550976E8 9.952341E8 9.3018068E8 1.034485394E9 8.45507228E8 9.0185751E8 8.5418555E8 1.095361856E9 1.13367827E9 
9.02088302E8 9.22751154E8 9.22553354E8 9.42508266E8 1.06647435E9 1.126117816E9 1.059869726E9 1.039198768E9 9.61576992E8 1.026649308E9 9.37890734E8 1.142586564E9 8.31864192E8 9.47027118E8 1.134316056E9 
9.26896258E8 8.27533088E8 1.06699443E9 1.110140096E9 1.147723302E9 9.85186806E8 1.079524964E9 9.4109313E8 8.76937974E8 1.148547386E9 8.95777994E8 9.79654912E8 9.1279239E8 1.03058275E9 1.137200236E9 
1.077092294E9 9.6849144E8 9.28657606E8 1.018545356E9 1.07194766E9 1.135128034E9 9.81557608E8 8.9902277E8 9.83449052E8 1.052050814E9 8.93226608E8 1.032422452E9 8.2467588E8 9.50377874E8 1.142430498E9 
9.07378642E8 8.35774606E8 9.98360088E8 1.038441246E9 1.110953828E9 1.187558948E9 1.09761835E9 1.079110056E9 9.84130112E8 9.89332298E8 9.30777996E8 9.79071148E8 8.02489628E8 9.88419504E8 1.143615642E9 
1.008730842E9 8.7074688E8 9.61748202E8 1.047637166E9 1.091004878E9 1.039619472E9 1.163743544E9 9.23550454E8 9.94368734E8 1.142761078E9 8.70409502E8 1.003538472E9 9.0339496E8 9.21371402E8 1.14399124E9 
1.089831042E9 9.47462798E8 9.18160494E8 1.010773614E9 1.103361822E9 1.150877098E9 9.6013315E8 9.33137148E8 9.74181708E8 1.041480052E9 8.948913E8 9.91629144E8 8.43623092E8 9.60434422E8 1.14761891E9 
9.32883662E8 9.00917246E8 9.44140714E8 9.47862136E8 1.069606102E9 1.072694342E9 1.04259473E9 1.063214398E9 9.57781458E8 1.040053652E9 9.34447498E8 1.152752992E9 8.15089938E8 9.82164834E8 1.14929048E9 
1.009214486E9 9.09948808E8 9.81156508E8 9.36964098E8 1.084414048E9 1.084639784E9 1.033957694E9 9.41802162E8 9.54127788E8 9.77939752E8 8.51262284E8 9.14463814E8 9.55537878E8 1.029913168E9 1.150556224E9 
1.179066664E9 9.69335116E8 8.88080502E8 9.91846232E8 1.114265626E9 1.147267576E9 1.006383082E9 9.18505066E8 9.75370232E8 9.91847466E8 9.13506664E8 1.008238768E9 8.74809028E8 8.9290781E8 1.155217386E9 
9.98943848E8 9.34024312E8 9.99486694E8 9.80564974E8 9.97852276E8 1.090289434E9 1.13727335E9 9.024419E8 9.22785842E8 1.029565384E9 8.14724494E8 1.040836434E9 9.13454102E8 9.300291E8 1.157327658E9 
1.00854535E9 9.10571846E8 1.01763022E9 9.8913746E8 1.01678468E9 1.116613598E9 1.154706956E9 8.63119516E8 9.19255512E8 1.030585964E9 8.42812686E8 1.038190884E9 9.11785774E8 9.42761718E8 1.160104484E9 
1.07707447E9 8.92452998E8 9.44225768E8 1.04635339E9 1.10754694E9 1.110388692E9 9.58379172E8 9.87506518E8 9.21297576E8 9.86539158E8 8.70560602E8 1.03206806E9 8.33888354E8 9.9838194E8 1.160722278E9 
1.006405472E9 9.85979344E8 9.77214512E8 1.124765544E9 9.58302824E8 1.093972872E9 1.18284642E9 9.48780478E8 8.93923502E8 1.063254782E9 9.39542206E8 1.035099356E9 9.37507278E8 9.15958334E8 1.160852756E9 
9.94032342E8 8.74927994E8 1.028016632E9 9.27772356E8 1.048587364E9 1.102181746E9 1.065588752E9 8.58188424E8 8.95849482E8 9.87376622E8 8.99464998E8 9.68579392E8 8.76344406E8 1.086993784E9 1.163642336E9 
1.017554236E9 9.8156285E8 9.13242986E8 1.007618682E9 1.076724552E9 1.087480798E9 1.031376672E9 1.02705978E9 9.4850517E8 1.076999696E9 9.09482746E8 1.073357808E9 9.16455404E8 9.40209062E8 1.164449048E9 
1.006253854E9 9.18352068E8 9.79732006E8 9.1041853E8 1.057409924E9 1.08038068E9 1.115704706E9 8.6067115E8 9.2597858E8 1.057677214E9 8.34023654E8 1.064138158E9 8.98180574E8 1.07373509E9 1.16668524E9 
1.005687586E9 9.3467852E8 9.54972988E8 8.9449865E8 1.04864846E9 1.115463636E9 1.133839262E9 8.6241836E8 9.43369726E8 1.036897156E9 8.23940902E8 1.071106214E9 9.28116132E8 1.06924093E9 1.167790976E9 
1.017276248E9 9.57075576E8 9.51682382E8 1.07085809E9 1.01180841E9 1.09402727E9 1.100634774E9 9.087923E8 9.34422338E8 1.034172942E9 9.37672774E8 9.53316216E8 8.94843638E8 9.01933928E8 1.169697172E9 
1.008422994E9 9.531566E8 9.85235038E8 1.10165401E9 9.30557508E8 1.121239918E9 1.123884586E9 9.00163E8 9.16277902E8 1.063966448E9 9.5793892E8 1.00531284E9 9.32823868E8 9.31950412E8 1.176409388E9 
9.5119577E8 9.3032453E8 1.10402277E9 1.022733378E9 1.145292772E9 1.03168354E9 9.89164548E8 8.62550382E8 8.9493512E8 1.199687832E9 8.820903E8 9.23728462E8 9.16827708E8 1.000803378E9 1.183103758E9 
1.015873594E9 8.99377076E8 9.9605623E8 9.90684764E8 1.02430163E9 1.091789152E9 1.157219536E9 9.07321798E8 9.07234506E8 1.065940392E9 8.3823277E8 1.005668478E9 8.97005304E8 9.3253114E8 1.191363426E9 
9.62711112E8 9.71136536E8 1.058513314E9 1.071695492E9 1.203510372E9 1.04726797E9 9.59563248E8 8.61761106E8 9.6393765E8 1.220753542E9 8.78924832E8 9.46448752E8 9.14046696E8 9.68488288E8 1.207901176E9 
1.010070036E9 9.56746906E8 9.07064424E8 9.6831185E8 1.088199098E9 1.04825031E9 1.007493592E9 1.025943146E9 9.2886313E8 1.076462892E9 9.0217864E8 1.07226003E9 9.1733227E8 9.57428588E8 1.210471842E9 
1.059858502E9 9.50606728E8 9.7091135E8 1.106230828E9 9.86507774E8 1.09595259E9 1.097395968E9 9.32365672E8 9.65675456E8 1.056024356E9 9.15677334E8 9.52910098E8 8.93998122E8 9.18439378E8 1.210731852E9 
9.79486854E8 9.27799896E8 1.020125218E9 1.085662086E9 9.84225114E8 1.13643309E9 1.094138096E9 9.39602568E8 9.64597514E8 1.076617276E9 9.94703082E8 9.01197606E8 9.12311772E8 9.27502282E8 1.212106324E9 
9.17933962E8 9.26063982E8 9.56737618E8 1.04388372E9 1.069774692E9 1.166407868E9 1.13544902E9 9.73284292E8 9.81247616E8 1.070256692E9 8.66973924E8 1.00433312E9 9.10048854E8 9.27206518E8 1.213079606E9 
9.70984486E8 9.52543336E8 1.061881526E9 9.08970046E8 1.037094224E9 1.202065046E9 9.97712816E8 9.65570216E8 9.8573738E8 1.016932126E9 9.10081484E8 9.05422516E8 8.9792006E8 1.074193264E9 1.221244804E9 
9.82044544E8 9.46643278E8 1.061536854E9 9.54226428E8 1.070954698E9 1.233486782E9 1.002798548E9 9.65105868E8 9.42215652E8 1.011012074E9 8.89877202E8 8.81919428E8 8.74478402E8 1.045079074E9 1.232676276E9 
9.91087164E8 9.19983984E8 9.77334334E8 1.023416338E9 1.061226958E9 1.147902174E9 1.19769293E9 9.82398216E8 9.91165486E8 1.034422664E9 8.2562962E8 9.56964022E8 9.57732996E8 8.92250736E8 1.242951398E9 
9.89889808E8 9.41680394E8 9.97055966E8 9.96347662E8 1.058449648E9 1.137667262E9 1.201523792E9 1.00554253E9 1.009089854E9 1.023920772E9 9.02339644E8 9.52640322E8 9.21223082E8 8.98590854E8 1.243411236E9 
9.7501479E8 9.00793794E8 9.58885644E8 1.03858421E9 1.06949279E9 1.113222154E9 1.182762602E9 9.67822314E8 9.76738664E8 1.02958975E9 7.9807768E8 9.7637563E8 9.38708118E8 9.29281226E8 1.245429572E9 


