#Tue May 14 10:22:25 EST 2013
mating_pool=80
mutation_dist=3
algo_name=ARMO
stopping_criterion=1000000
comparator=multiObjective.RankingComparator
sol_type=solver.mosolver.MOGASolution
algo_type=solver.mosolver.RankingMOGA
logging=false
rand_seed_for_pop=888
range_subdivisions=10
desired_solutions=5,10,15
problemfile=50fac5to20obj\\\\50fac15obj.txt
o=2
HV_sample=1000
runs=30
k=10
rand_seed=clock
problemtype=MOQAP
tournament_size=2
vads=true
mutation_prob=0.1
reweighting_interval=100
c=8
crossover_prob=0.01
delta=10
population=100
Used function evaluations: 1000000

Complete Population
9.4183591E8 8.56629646E8 8.75810428E8 9.7733909E8 1.000712162E9 9.88480692E8 1.142194094E9 8.17572714E8 8.21686818E8 9.14209174E8 8.4456167E8 9.75385712E8 8.39552164E8 9.20362668E8 9.49663392E8 
9.17423168E8 8.77098698E8 8.63856482E8 9.85422814E8 1.00185386E9 9.88709976E8 1.145184286E9 8.24481332E8 8.28486824E8 9.16529752E8 8.35539642E8 9.56660598E8 8.00607214E8 9.2662836E8 9.69348428E8 
9.16626142E8 8.76694408E8 8.63915432E8 9.87488764E8 1.002487264E9 9.8834295E8 1.1499902E9 8.25107464E8 8.2538491E8 9.12809E8 8.38903464E8 9.55942576E8 8.03106376E8 9.24557092E8 9.7048952E8 
9.14008562E8 8.7553463E8 8.61339748E8 9.85859942E8 1.003674256E9 9.90153504E8 1.148188346E9 8.26423416E8 8.25593954E8 9.16534918E8 8.37328838E8 9.57412326E8 8.03411E8 9.2279699E8 9.70633194E8 
9.14460762E8 8.75916954E8 8.6112385E8 9.8569185E8 1.003410272E9 9.90102742E8 1.148226842E9 8.2614632E8 8.25459794E8 9.16121742E8 8.37139026E8 9.57814742E8 8.0362806E8 9.22977988E8 9.70938904E8 
9.15758966E8 8.75255544E8 8.623942E8 9.86085972E8 1.002981062E9 9.90309206E8 1.146816134E9 8.27538942E8 8.24750302E8 9.15219466E8 8.3702339E8 9.5621565E8 8.0437412E8 9.23124148E8 9.70989668E8 
9.15955254E8 8.75739636E8 8.62432608E8 9.8577779E8 1.003240834E9 9.9001633E8 1.146859074E9 8.27168902E8 8.24645076E8 9.14912924E8 8.36689176E8 9.5640907E8 8.04593144E8 9.23156974E8 9.71025458E8 
9.14245304E8 8.75923288E8 8.61064762E8 9.85507014E8 1.003451762E9 9.90434728E8 1.148070528E9 8.26230528E8 8.25464918E8 9.163138E8 8.37302782E8 9.57633008E8 8.03581402E8 9.22695254E8 9.71065656E8 
9.15804786E8 8.76546594E8 8.6213366E8 9.85528732E8 1.003777474E9 9.89202624E8 1.147453404E9 8.26187226E8 8.25227158E8 9.1504642E8 8.3661049E8 9.57430954E8 8.04160122E8 9.23196948E8 9.71332474E8 
9.17015934E8 8.81540194E8 8.6112167E8 9.84466102E8 1.005599496E9 9.89403044E8 1.148769774E9 8.25748874E8 8.24581244E8 9.10133592E8 8.38268272E8 9.56172174E8 8.05370372E8 9.24873846E8 9.71911156E8 
9.14859458E8 8.76600502E8 8.6160041E8 9.84877748E8 1.00379358E9 9.9059783E8 1.14690062E9 8.26042188E8 8.25606126E8 9.16037044E8 8.37278044E8 9.56965488E8 8.03644074E8 9.2230786E8 9.7232825E8 
9.1520175E8 8.7666432E8 8.61869652E8 9.85021504E8 1.003836438E9 9.90254936E8 1.1464807E9 8.2622356E8 8.25348394E8 9.15783508E8 8.3707282E8 9.56652442E8 8.03741044E8 9.22209748E8 9.72406314E8 
9.15779828E8 8.75296754E8 8.61625626E8 9.85955888E8 1.002597878E9 9.8976287E8 1.14858941E9 8.26046858E8 8.24609864E8 9.14801522E8 8.35894714E8 9.57705784E8 8.0351322E8 9.24743036E8 9.72553434E8 
9.15885426E8 8.7537381E8 8.61675796E8 9.858331E8 1.002730634E9 9.89701122E8 1.148565208E9 8.26272362E8 8.24578986E8 9.14660074E8 8.35810764E8 9.57669674E8 8.03545344E8 9.24713576E8 9.72579734E8 
9.15806094E8 8.75830304E8 8.61381138E8 9.85706414E8 1.002767886E9 9.89856886E8 1.14835793E9 8.25913334E8 8.2463578E8 9.14731348E8 8.35867748E8 9.57793202E8 8.03570388E8 9.2457206E8 9.72613128E8 
9.16678898E8 8.74406134E8 8.62288692E8 9.86672624E8 1.001702172E9 9.90635816E8 1.147912752E9 8.27205186E8 8.24948742E8 9.1448477E8 8.36360484E8 9.5629489E8 8.03801392E8 9.24299934E8 9.72892326E8 
9.16647332E8 8.76328226E8 8.61402812E8 9.85453296E8 1.003073796E9 9.9004114E8 1.147093756E9 8.26436588E8 8.248129E8 9.14229704E8 8.35882026E8 9.56344366E8 8.04052804E8 9.2328341E8 9.72954234E8 
9.16021342E8 8.75275428E8 8.61647168E8 9.86167288E8 1.002388674E9 9.89955106E8 1.148449924E9 8.26064776E8 8.2445539E8 9.14533656E8 8.35634974E8 9.57354608E8 8.0348573E8 9.24899492E8 9.7301825E8 
9.1677306E8 8.7672467E8 8.61312074E8 9.85280064E8 1.003295918E9 9.90209198E8 1.146926982E9 8.26336004E8 8.2472251E8 9.14274466E8 8.35840854E8 9.56537394E8 8.0400427E8 9.2341807E8 9.7303621E8 
9.1612694E8 8.75352484E8 8.61697338E8 9.860445E8 1.00252143E9 9.89893358E8 1.148425722E9 8.2629028E8 8.24424512E8 9.14392208E8 8.35551024E8 9.57318498E8 8.03517854E8 9.24870032E8 9.7304455E8 
9.16047608E8 8.75808978E8 8.6140268E8 9.85917814E8 1.002558682E9 9.90049122E8 1.148218444E9 8.25931252E8 8.24481306E8 9.14463482E8 8.35608008E8 9.57442026E8 8.03542898E8 9.24728516E8 9.73077944E8 
9.1632125E8 8.75658934E8 8.61666808E8 9.85931604E8 1.0023899E9 9.89993892E8 1.14823521E9 8.26359226E8 8.24424358E8 9.14337116E8 8.35586246E8 9.57410696E8 8.03613124E8 9.24793992E8 9.73100448E8 
9.16550474E8 8.76486942E8 8.6133269E8 9.85485018E8 1.003227016E9 9.9026973E8 1.146808216E9 8.26140628E8 8.2477665E8 9.14376404E8 8.3588666E8 9.56272204E8 8.04005292E8 9.2322379E8 9.73127028E8 
9.16086242E8 8.7542695E8 8.61672354E8 9.86059112E8 1.00230076E9 9.901289E8 1.14846235E9 8.26341438E8 8.24608262E8 9.1457906E8 8.35727496E8 9.57273274E8 8.03319346E8 9.247603E8 9.7312785E8 
9.15918198E8 8.7565405E8 8.61458396E8 9.85922534E8 1.002602298E9 9.90122382E8 1.148421382E9 8.26138968E8 8.24634332E8 9.14563978E8 8.35665308E8 9.57268494E8 8.03281244E8 9.24665364E8 9.73131646E8 
9.1492323E8 8.75884882E8 8.61417894E8 9.8575339E8 1.00296793E9 9.91297044E8 1.147754252E9 8.25471992E8 8.24962872E8 9.1561917E8 8.36461072E8 9.5707312E8 8.0333705E8 9.23577804E8 9.73179888E8 
9.16586288E8 8.76874714E8 8.61099676E8 9.85266246E8 1.003460122E9 9.9018292E8 1.14688006E9 8.2581353E8 8.24864424E8 9.14403562E8 8.35905022E8 9.5662737E8 8.03922102E8 9.23412388E8 9.73194726E8 
9.14969576E8 8.75496502E8 8.6172206E8 9.8597221E8 1.00273396E9 9.91285262E8 1.147684824E9 8.2578061E8 8.24994906E8 9.15595148E8 8.36441638E8 9.56710226E8 8.03302592E8 9.2345983E8 9.73243614E8 
9.16684548E8 8.76031586E8 8.61378428E8 9.85874392E8 1.002733302E9 9.90200052E8 1.147337236E9 8.26434538E8 8.24662918E8 9.14073808E8 8.35590812E8 9.56315692E8 8.03938204E8 9.23721044E8 9.73246264E8 
9.16627784E8 8.76638464E8 8.61365266E8 9.85376838E8 1.003138448E9 9.9043188E8 1.146816334E9 8.2640379E8 8.2494166E8 9.14422198E8 8.3598524E8 9.56199248E8 8.03837202E8 9.2309314E8 9.73262488E8 
9.16810276E8 8.7642803E8 8.6128769E8 9.8570116E8 1.002955424E9 9.9036811E8 1.147170462E9 8.26333954E8 8.24572528E8 9.1411857E8 8.3554964E8 9.5650872E8 8.0388967E8 9.23855704E8 9.7332824E8 
9.16623504E8 8.76578074E8 8.61075292E8 9.85687342E8 1.003119628E9 9.90341832E8 1.14712354E9 8.2581148E8 8.24714442E8 9.14247666E8 8.35613808E8 9.56598696E8 8.03807502E8 9.23850022E8 9.73486756E8 
9.15461194E8 8.75767228E8 8.61566122E8 9.86209958E8 1.00236293E9 9.91078126E8 1.147743034E9 8.25561732E8 8.24905648E8 9.15059782E8 8.36120028E8 9.56811226E8 8.03498316E8 9.23814836E8 9.73517734E8 
9.16575086E8 8.76333152E8 8.61198606E8 9.85752394E8 1.002808938E9 9.90335924E8 1.147298432E9 8.26175226E8 8.24969842E8 9.14248698E8 8.3575356E8 9.56332712E8 8.03687946E8 9.23584712E8 9.7354024E8 
9.16665E8 8.76341824E8 8.61340882E8 9.85797934E8 1.002797954E9 9.90590792E8 1.147059814E9 8.2640174E8 8.24791678E8 9.14266302E8 8.35694026E8 9.56170574E8 8.03722602E8 9.23530774E8 9.73554518E8 
9.15426548E8 8.75468842E8 8.6180269E8 9.86368446E8 1.002483266E9 9.91145512E8 1.147701652E9 8.2571432E8 8.24835308E8 9.15135224E8 8.36018142E8 9.56540784E8 8.0332176E8 9.2389902E8 9.73581678E8 
9.23672796E8 8.51054076E8 8.57325692E8 9.78111334E8 1.019660914E9 1.005952466E9 1.115841214E9 8.42758772E8 8.18747334E8 9.42897758E8 8.29073096E8 9.76954294E8 8.08028106E8 9.13411782E8 9.74342126E8 
9.27620818E8 8.55531008E8 8.5839716E8 9.75988576E8 1.021346618E9 1.004024784E9 1.116065116E9 8.41275524E8 8.19211634E8 9.37532826E8 8.27732934E8 9.77483782E8 8.07164258E8 9.1381209E8 9.76054642E8 
9.2754197E8 8.55382844E8 8.59461486E8 9.7664659E8 1.020065368E9 1.004270428E9 1.1164672E9 8.42598954E8 8.1922377E8 9.3670088E8 8.27718856E8 9.78926264E8 8.07977698E8 9.15320956E8 9.76057622E8 
9.22441272E8 8.52415648E8 8.55378862E8 9.79618506E8 1.022280452E9 1.006371504E9 1.112920398E9 8.4214839E8 8.20491794E8 9.44190254E8 8.32000892E8 9.8229089E8 8.04545578E8 9.13998114E8 9.76298566E8 
9.25113822E8 8.53410142E8 8.5573669E8 9.7563593E8 1.020071354E9 1.005770892E9 1.117297538E9 8.40893698E8 8.18815594E8 9.40563282E8 8.2860624E8 9.76456326E8 8.07658022E8 9.12555982E8 9.76312588E8 
9.24448082E8 8.52174142E8 8.57067198E8 9.77158302E8 1.018344364E9 1.005339204E9 1.118367752E9 8.41228344E8 8.1890034E8 9.4138099E8 8.28753844E8 9.77785956E8 8.06945136E8 9.14241306E8 9.76389478E8 
9.24855152E8 8.49418286E8 8.60410322E8 9.8178251E8 1.022671608E9 1.011055884E9 1.120472612E9 8.42040462E8 8.21450996E8 9.36905948E8 8.31244272E8 9.7057943E8 8.10835384E8 9.137957E8 9.7824502E8 
9.24513404E8 8.4786342E8 8.59028486E8 9.81228208E8 1.023236998E9 1.013965088E9 1.116052466E9 8.4723455E8 8.2024373E8 9.3865672E8 8.28781772E8 9.70722078E8 8.11781188E8 9.08772116E8 9.78756654E8 
9.23711266E8 8.52615132E8 8.56101386E8 9.74563682E8 1.018855692E9 1.004389318E9 1.118006092E9 8.42967224E8 8.2244958E8 9.40220556E8 8.2511689E8 9.8230041E8 8.0885932E8 9.14981034E8 9.79139376E8 
9.26911998E8 8.49730058E8 8.60082272E8 9.78955282E8 1.020874102E9 1.012252182E9 1.114946794E9 8.42213976E8 8.21742652E8 9.31883858E8 8.25207186E8 9.78188366E8 8.10857764E8 9.16757902E8 9.80740652E8 
9.24440246E8 8.50667332E8 8.57070686E8 9.75911732E8 1.016120184E9 1.00477187E9 1.1190405E9 8.43436194E8 8.21436068E8 9.39789392E8 8.24147576E8 9.81959478E8 8.07667646E8 9.17203156E8 9.81166226E8 
9.28223394E8 8.5661265E8 8.5770084E8 9.74334132E8 1.019012694E9 1.004413314E9 1.116940138E9 8.42858988E8 8.19184776E8 9.35330716E8 8.26854942E8 9.80463498E8 8.07715118E8 9.16227264E8 9.81220458E8 
9.23624158E8 8.50898306E8 8.5645492E8 9.75242884E8 1.016329008E9 1.00564998E9 1.118926708E9 8.4390501E8 8.22551248E8 9.41066148E8 8.24449362E8 9.83593348E8 8.08056292E8 9.16976772E8 9.8159291E8 
9.25904724E8 8.54202696E8 8.5655705E8 9.73627468E8 1.020657688E9 1.006757924E9 1.11424711E9 8.42975218E8 8.20148142E8 9.38699254E8 8.23932764E8 9.78584606E8 8.07808242E8 9.14432416E8 9.82864718E8 
9.25701198E8 8.50450256E8 8.56844818E8 9.77818088E8 1.015466572E9 1.006814346E9 1.11655807E9 8.43313328E8 8.19162874E8 9.3848308E8 8.24412368E8 9.79204392E8 8.07987362E8 9.16691842E8 9.8304763E8 
9.25929382E8 8.52999398E8 8.55505216E8 9.76200526E8 1.01783584E9 1.00759606E9 1.114287428E9 8.42913154E8 8.186653E8 9.38302536E8 8.2297642E8 9.79267334E8 8.07784094E8 9.15531892E8 9.84511836E8 
9.28647922E8 8.51159798E8 8.56140896E8 9.7551095E8 1.021386736E9 1.002079836E9 1.112481296E9 8.39962368E8 8.17597464E8 9.38394094E8 8.27366824E8 9.8140447E8 8.065048E8 9.2157118E8 9.85272904E8 
9.26745966E8 8.5026922E8 8.58525704E8 9.80144146E8 1.021269306E9 1.012672308E9 1.115247776E9 8.46877142E8 8.20873982E8 9.34381846E8 8.23856004E8 9.7322329E8 8.1022085E8 9.12041234E8 9.86159002E8 
9.58734194E8 8.48616058E8 9.07867566E8 9.6025212E8 9.9212271E8 1.041155876E9 1.089598698E9 8.0102807E8 8.35001162E8 9.341385E8 8.50904246E8 9.50896462E8 7.77127642E8 9.35090124E8 9.88926144E8 
9.49821624E8 8.5422368E8 8.91385152E8 9.51524562E8 9.95824498E8 1.054167388E9 1.086541436E9 7.98178472E8 8.3511685E8 9.502172E8 8.42475846E8 9.52264032E8 7.76411684E8 9.18818744E8 9.92361018E8 
9.48004422E8 8.4949532E8 8.95510714E8 9.59866974E8 9.9618002E8 1.049234982E9 1.087694738E9 8.00064552E8 8.35207484E8 9.49569108E8 8.4874691E8 9.51665712E8 7.77977242E8 9.17577894E8 9.9315631E8 
9.42209236E8 8.52818202E8 8.95452184E8 9.60514918E8 9.90652452E8 1.045720774E9 1.087681034E9 8.05349734E8 8.34774846E8 9.48474544E8 8.47930252E8 9.47501108E8 7.75475304E8 9.2276436E8 9.93799714E8 
9.4074442E8 8.48223948E8 8.96912114E8 9.63125034E8 9.92572034E8 1.045050298E9 1.08862493E9 8.07145084E8 8.35240416E8 9.475627E8 8.48930974E8 9.46744708E8 7.79863016E8 9.1704517E8 9.94467584E8 
9.42541468E8 8.52032208E8 8.9606328E8 9.61506082E8 9.89639052E8 1.04494301E9 1.087279624E9 8.06137684E8 8.34580862E8 9.47167782E8 8.47464702E8 9.4604228E8 7.76149698E8 9.23075656E8 9.9455992E8 
9.42509182E8 8.51936478E8 8.9601166E8 9.61545438E8 9.89729816E8 1.044867402E9 1.08733316E9 8.06189516E8 8.3452276E8 9.47016394E8 8.47407004E8 9.46015012E8 7.76180548E8 9.22948546E8 9.9478266E8 
9.43138108E8 8.47412572E8 8.97101032E8 9.55487938E8 9.91189462E8 1.045864482E9 1.08972346E9 8.05892856E8 8.34136282E8 9.46883812E8 8.4587902E8 9.49968154E8 7.77871986E8 9.24794318E8 9.94918788E8 
9.43957294E8 8.50949656E8 8.97434282E8 9.55695452E8 9.89153896E8 1.046123446E9 1.085245852E9 8.03167832E8 8.34558012E8 9.45972604E8 8.47527862E8 9.49641566E8 7.77686788E8 9.25172568E8 9.95562526E8 
9.43992776E8 8.51034334E8 8.97535426E8 9.56040552E8 9.88985178E8 1.046107282E9 1.08524128E9 8.03134678E8 8.34735622E8 9.45950344E8 8.47549684E8 9.49366314E8 7.77520638E8 9.25069214E8 9.95570876E8 
9.45889148E8 8.51713582E8 8.93819726E8 9.61462544E8 9.93947266E8 1.049764738E9 1.085061458E9 7.9842914E8 8.34919906E8 9.51131858E8 8.51094702E8 9.48498304E8 7.76596176E8 9.17828768E8 9.9633708E8 
9.41747744E8 8.4902192E8 8.97230414E8 9.61455032E8 9.90607006E8 1.044247208E9 1.085605294E9 8.03946498E8 8.35651236E8 9.46262288E8 8.506383E8 9.47871024E8 7.76953798E8 9.21299938E8 9.97568078E8 
9.41405536E8 8.49322262E8 8.9728074E8 9.61494066E8 9.9088904E8 1.044727852E9 1.085572726E9 8.0402635E8 8.35762022E8 9.4657595E8 8.5061854E8 9.47655012E8 7.77010976E8 9.212222E8 9.9759169E8 
9.41458048E8 8.49258304E8 8.97279498E8 9.61491532E8 9.9087025E8 1.044683174E9 1.085703696E9 8.04046708E8 8.35779416E8 9.46389212E8 8.50554466E8 9.47545598E8 7.76839708E8 9.21095206E8 9.97663476E8 
9.26315956E8 8.5030293E8 8.53572814E8 9.8656232E8 1.008038472E9 9.9323516E8 1.086289878E9 8.2613853E8 8.54340376E8 9.52193808E8 8.61802926E8 9.54347828E8 7.71457452E8 9.10723468E8 9.99845102E8 
9.49558022E8 8.51730852E8 8.89158296E8 9.57239624E8 1.001592922E9 1.050174462E9 1.091829398E9 8.059542E8 8.22800082E8 9.414109E8 8.39131522E8 9.51701746E8 7.85726838E8 9.24203896E8 9.9986843E8 
9.54218558E8 8.51312532E8 8.87790032E8 9.55448642E8 9.92151858E8 1.051870338E9 1.090522068E9 8.04541514E8 8.22413646E8 9.42512798E8 8.409143E8 9.50948176E8 7.8289346E8 9.2360679E8 1.000119936E9 
9.4982346E8 8.5182168E8 8.90783952E8 9.50183976E8 9.9421372E8 1.053955122E9 1.090362512E9 8.00052794E8 8.25988958E8 9.45199648E8 8.42843568E8 9.54204408E8 7.80202376E8 9.2007205E8 1.000278086E9 
9.44711854E8 8.5857176E8 8.879647E8 9.5139736E8 9.96208642E8 1.06318698E9 1.085881064E9 8.0015585E8 8.29339842E8 9.58501726E8 8.4160995E8 9.47670942E8 7.73776024E8 9.19612396E8 1.00041367E9 
9.58950492E8 8.48285242E8 8.86752006E8 9.3551198E8 1.02702977E9 1.01629656E9 1.091930954E9 8.11868314E8 8.18153726E8 9.4457229E8 8.4303916E8 9.65318092E8 7.97609958E8 8.98723332E8 1.001534432E9 
9.46142872E8 8.58355126E8 8.8901912E8 9.52444358E8 9.96830356E8 1.063765448E9 1.086108398E9 8.01123362E8 8.27909136E8 9.55958762E8 8.39283306E8 9.46296742E8 7.73983648E8 9.20638612E8 1.0021377E9 
9.45885142E8 8.58263332E8 8.89245424E8 9.52635486E8 9.9651634E8 1.063908438E9 1.086232182E9 8.0127455E8 8.28085758E8 9.55661266E8 8.3939311E8 9.46308242E8 7.73697606E8 9.20866942E8 1.002318442E9 
9.45949004E8 8.5823302E8 8.89247168E8 9.52664682E8 9.96643832E8 1.06393238E9 1.08623039E9 8.01126558E8 8.28178384E8 9.55625808E8 8.39396004E8 9.46294182E8 7.73742102E8 9.20873536E8 1.002361198E9 
9.45619174E8 8.54805784E8 8.8896959E8 9.53311702E8 1.000760178E9 1.06575329E9 1.084266908E9 8.03414146E8 8.26568902E8 9.5574485E8 8.41972222E8 9.49242254E8 7.68853868E8 9.19305346E8 1.004345582E9 
9.64459998E8 8.51180968E8 8.87167234E8 9.31749936E8 1.027151386E9 1.02141471E9 1.090848724E9 8.11678284E8 8.16974498E8 9.41303854E8 8.41735464E8 9.58817042E8 7.94394188E8 8.97172524E8 1.005971094E9 
9.24251756E8 8.72715482E8 8.6964033E8 9.85085924E8 1.001635616E9 1.019847998E9 1.124761744E9 8.1343472E8 8.365074E8 9.55718514E8 8.33821294E8 9.40588068E8 7.74450238E8 9.10600756E8 1.007461576E9 
9.64268972E8 8.51484448E8 8.8709074E8 9.308746E8 1.027587706E9 1.02284562E9 1.090753458E9 8.1235642E8 8.16351892E8 9.4170791E8 8.40691062E8 9.58581708E8 7.9349888E8 8.9753012E8 1.007664434E9 
9.59467658E8 8.5278149E8 8.83990662E8 9.23527842E8 1.028925812E9 1.026940198E9 1.092523204E9 8.06319802E8 8.17723844E8 9.46794124E8 8.35531122E8 9.71328084E8 7.96988702E8 8.9747549E8 1.008494126E9 
9.2317117E8 8.72447132E8 8.68120492E8 9.80342374E8 1.004942544E9 1.021439576E9 1.12355309E9 8.1200581E8 8.35219292E8 9.5410506E8 8.32346766E8 9.41095524E8 7.75040114E8 9.0829052E8 1.008536104E9 
9.60527152E8 8.50976208E8 8.84288098E8 9.26909994E8 1.027775428E9 1.023792358E9 1.093712994E9 8.0659578E8 8.17642796E8 9.419418E8 8.36623218E8 9.7136999E8 7.96657218E8 8.98438038E8 1.008554174E9 
9.23087298E8 8.7041755E8 8.68269914E8 9.82695394E8 1.002731844E9 1.020646848E9 1.12229068E9 8.14799428E8 8.34986494E8 9.57509972E8 8.32274082E8 9.4213204E8 7.75185198E8 9.09476884E8 1.00896059E9 
9.60525282E8 8.51096512E8 8.8552862E8 9.25702596E8 1.02892566E9 1.02607668E9 1.092220622E9 8.09358452E8 8.16629024E8 9.43126266E8 8.36622818E8 9.68460716E8 7.97871908E8 8.9571348E8 1.009210002E9 
9.59272896E8 8.52076762E8 8.84174316E8 9.24989402E8 1.02904896E9 1.02596258E9 1.091716856E9 8.06135586E8 8.17526714E8 9.45559396E8 8.35855162E8 9.71202442E8 7.97597158E8 8.97065136E8 1.009840492E9 
9.5989443E8 8.498693E8 8.8437383E8 9.2478997E8 1.032190336E9 1.021260228E9 1.097005424E9 8.07408766E8 8.22710732E8 9.4137301E8 8.32964472E8 9.73325438E8 8.00604754E8 8.95050648E8 1.00985324E9 
9.6083913E8 8.52541466E8 8.85178776E8 9.2715487E8 1.030286314E9 1.024519084E9 1.0922336E9 8.07458802E8 8.17107076E8 9.41041396E8 8.36534626E8 9.67783086E8 7.96762196E8 8.95870362E8 1.010097402E9 
9.59517642E8 8.53636736E8 8.84948898E8 9.24803462E8 1.030098914E9 1.027141244E9 1.091192958E9 8.05103376E8 8.16905854E8 9.45453874E8 8.35636472E8 9.69807418E8 7.9589002E8 8.9779294E8 1.01011598E9 
9.61938548E8 8.47489222E8 8.83662678E8 9.30570916E8 1.02531609E9 1.022682286E9 1.092909818E9 8.14031038E8 8.17615744E8 9.41102734E8 8.38805952E8 9.63402198E8 7.99098272E8 8.98176668E8 1.010128936E9 
9.59767226E8 8.51631702E8 8.8443026E8 9.25132618E8 1.029964474E9 1.025472606E9 1.09194513E9 8.08246392E8 8.17157332E8 9.45074772E8 8.35828386E8 9.69788858E8 7.98667374E8 8.95202724E8 1.01045577E9 
9.59827294E8 8.52863766E8 8.8511356E8 9.24574064E8 1.030238586E9 1.026877958E9 1.091567094E9 8.07539002E8 8.1696216E8 9.45315592E8 8.35879076E8 9.68353452E8 7.9660477E8 8.95671242E8 1.010755736E9 
9.62685622E8 8.49850782E8 8.87040376E8 9.30367198E8 1.027346964E9 1.024395436E9 1.092098018E9 8.13182006E8 8.17673798E8 9.40356818E8 8.37831052E8 9.61881942E8 7.95954034E8 8.9604114E8 1.013287746E9 
9.6277178E8 8.48065004E8 8.86178254E8 9.32274934E8 1.025273586E9 1.021601912E9 1.092869956E9 8.143543E8 8.17324464E8 9.40140644E8 8.38075848E8 9.61183342E8 7.97124054E8 8.96627724E8 1.013879958E9 
9.64386646E8 8.48960752E8 8.8170114E8 9.33991662E8 1.026529414E9 1.025204238E9 1.09332468E9 8.15165596E8 8.1421794E8 9.4120054E8 8.37428234E8 9.60258368E8 8.01393898E8 8.95078564E8 1.01388493E9 
9.63322866E8 8.47350266E8 8.8697022E8 9.34060882E8 1.023765616E9 1.021812978E9 1.093418316E9 8.15389688E8 8.16824114E8 9.40936072E8 8.38371148E8 9.60284738E8 7.96764116E8 8.97349256E8 1.013935764E9 
9.63800176E8 8.47589772E8 8.81882426E8 9.35047188E8 1.024042346E9 1.02493783E9 1.093425516E9 8.16710806E8 8.13353876E8 9.42082264E8 8.3706945E8 9.6026617E8 8.027678E8 8.95839508E8 1.01411423E9 
9.65190358E8 8.4857025E8 8.83205074E8 9.360657E8 1.0250018E9 1.025123548E9 1.092957962E9 8.17651636E8 8.12817996E8 9.42116164E8 8.37675786E8 9.57175054E8 8.00983768E8 8.95113556E8 1.01489815E9 
9.65260196E8 8.48762448E8 8.82997088E8 9.36217454E8 1.024995176E9 1.025121256E9 1.093216688E9 8.17775242E8 8.13111342E8 9.42309176E8 8.37946736E8 9.56653448E8 8.00918796E8 8.94888576E8 1.015299132E9 


