#Fri Jun 07 14:52:30 EST 2013
mating_pool=80
mutation_dist=3
algo_name=MSOPS_100t
stopping_criterion=1000000
comparator=multiObjective.MSOPSComparator
sol_type=solver.mosolver.MSOPSSolution
algo_type=solver.mosolver.GenericNoDuplicatesMOGA
logging=false
rand_seed_for_pop=888
range_subdivisions=3
desired_solutions=5,10,15
problemfile=50fac5to20obj\\\\50fac15obj.txt
o=2
HV_sample=100000
runs=30
k=10
rand_seed=clock
problemtype=MOQAP
tournament_size=2
vads=true
mutation_prob=0.1
reweighting_interval=100
c=8
crossover_prob=0.01
delta=10
targets=100
population=100
Used function evaluations: 1000000

Complete Population
9.07895712E8 9.46078548E8 9.21783382E8 1.021925966E9 1.036711874E9 1.07705882E9 1.082444004E9 8.75350864E8 8.7036165E8 9.5021757E8 9.68133898E8 9.79485656E8 8.26431524E8 9.93178556E8 8.50493858E8 
9.07480464E8 9.4509426E8 9.2092303E8 1.020623366E9 1.035749984E9 1.076765828E9 1.0829736E9 8.7470618E8 8.69706754E8 9.4731562E8 9.67841246E8 9.79341264E8 8.27490966E8 9.9383412E8 8.50518718E8 
9.33065126E8 9.00860806E8 9.75655552E8 9.27682568E8 1.01353111E9 1.05020189E9 1.017576184E9 9.12873534E8 9.35733882E8 8.98497232E8 9.40097358E8 8.98119672E8 8.39021872E8 9.50979086E8 8.701025E8 
9.57010512E8 9.18377224E8 9.62788802E8 9.2520032E8 9.91571202E8 1.049576362E9 1.037663902E9 9.01096254E8 9.2873531E8 8.87360884E8 9.60682892E8 8.9800385E8 8.51185964E8 9.52689338E8 8.7240008E8 
9.60738602E8 9.19245888E8 9.6513599E8 9.25778852E8 9.9298883E8 1.050613532E9 1.0355359E9 9.03384422E8 9.28836612E8 8.88435368E8 9.59974892E8 8.9370477E8 8.55139398E8 9.47651436E8 8.76246118E8 
9.34451212E8 9.29844766E8 9.66285198E8 9.20403676E8 1.025626746E9 1.052510786E9 9.91639422E8 8.86250728E8 9.23893932E8 9.31034458E8 9.3660455E8 9.12136288E8 8.45527154E8 9.61029182E8 8.82285218E8 
9.31572714E8 8.92901214E8 9.8611768E8 9.36181454E8 9.5511368E8 1.07491083E9 1.055923956E9 9.36236236E8 9.17456036E8 9.02587382E8 9.59707904E8 9.20201056E8 8.74862554E8 9.61975226E8 8.85031776E8 
8.979745E8 9.40564446E8 9.03768986E8 9.81659118E8 1.063086446E9 1.095753898E9 1.097155542E9 8.89766296E8 9.03100368E8 9.73618964E8 9.56553568E8 9.62494754E8 8.18085728E8 9.51167646E8 8.88625202E8 
9.45535712E8 8.97624944E8 9.6537308E8 9.06757014E8 9.99839726E8 1.047890972E9 1.026377998E9 9.21838246E8 9.49462578E8 8.96104996E8 9.30478358E8 9.25881044E8 8.25908392E8 9.19051598E8 8.8996536E8 
9.06241516E8 8.40690446E8 1.000504282E9 1.004709866E9 1.188801328E9 1.080283486E9 1.020107112E9 9.34993092E8 9.84178754E8 1.01309038E9 8.40765294E8 1.002003204E9 9.4296896E8 1.047654132E9 9.1208293E8 
9.49314988E8 9.28883466E8 9.33057044E8 8.86580438E8 1.026413862E9 1.069050126E9 1.045037032E9 9.30461088E8 9.82743838E8 8.7168012E8 8.70834818E8 9.59349332E8 8.42487198E8 9.07708628E8 9.27882528E8 
9.65314526E8 9.35904288E8 9.55255312E8 1.018906398E9 9.4083498E8 1.114079356E9 1.01531798E9 8.61489114E8 8.59798712E8 9.01983104E8 9.37513348E8 9.82072628E8 8.00096038E8 1.003750534E9 9.30895534E8 
9.40764624E8 9.04765654E8 9.78316706E8 9.18912736E8 9.61428806E8 1.03376881E9 1.057207072E9 9.12766746E8 9.55906532E8 9.06026048E8 9.48874202E8 8.89669318E8 8.4251482E8 9.06509728E8 9.45888964E8 
9.14074946E8 8.90006602E8 9.9277809E8 9.24558888E8 9.66350592E8 1.012683452E9 1.036533532E9 9.21802258E8 9.63695308E8 8.88403958E8 9.56026386E8 8.90852208E8 8.70494532E8 9.13825252E8 9.46169842E8 
1.016451794E9 9.31623162E8 1.044032382E9 1.45889099E9 9.94427298E8 1.081782986E9 1.067013162E9 9.14144328E8 9.13992038E8 9.40510652E8 9.75063068E8 9.40700526E8 8.27455328E8 1.100458162E9 9.57268332E8 
9.15635172E8 9.11579786E8 9.30452408E8 8.84353362E8 8.8681335E8 1.101157102E9 1.072247912E9 9.74029662E8 9.2040639E8 8.83077026E8 9.37009826E8 1.032591212E9 9.22951512E8 9.23654136E8 9.6578264E8 
8.2645108E8 8.76351964E8 1.052243052E9 9.70224412E8 1.041032104E9 1.009665644E9 1.071539306E9 8.64937198E8 1.022232092E9 1.051762512E9 9.03608924E8 9.84221412E8 8.35327266E8 1.01254694E9 9.6935413E8 
9.6271483E8 9.55759236E8 9.30462666E8 8.65154504E8 1.20065336E9 9.32609504E8 9.48511626E8 9.96812508E8 9.51514554E8 1.052550724E9 9.92459388E8 1.063143328E9 9.13701458E8 8.96891688E8 9.6991107E8 
1.007323762E9 9.66374802E8 1.035396418E9 1.449761124E9 1.058572882E9 1.057761234E9 1.03537108E9 9.52307342E8 9.30919152E8 1.016250616E9 9.9416001E8 9.06836536E8 8.23168752E8 1.070273464E9 9.75470554E8 
9.84666516E8 9.6048999E8 9.47134078E8 8.75283446E8 1.18773132E9 9.3541343E8 8.79395468E8 1.003408448E9 9.11473236E8 1.018586106E9 9.71343856E8 1.036563042E9 9.36437916E8 8.89101686E8 9.82341748E8 
8.9707004E8 8.50416804E8 1.025776714E9 9.49472484E8 1.007838104E9 1.032502166E9 1.049719856E9 9.34374884E8 1.00276016E9 8.84015542E8 9.93765094E8 9.035903E8 8.94013184E8 9.149147E8 9.83318568E8 
9.88795654E8 9.55904816E8 9.45915998E8 1.006528204E9 9.7066324E8 1.148139616E9 1.029859556E9 8.95231332E8 8.38010436E8 8.74211634E8 9.30485134E8 9.53519704E8 7.8300582E8 1.014181852E9 9.87378836E8 
8.82176886E8 8.44318248E8 9.27162036E8 1.049776722E9 1.05575057E9 9.57013932E8 1.095504156E9 8.51613748E8 1.00111046E9 1.07344485E9 8.66333974E8 1.019971032E9 8.25767786E8 1.012739574E9 9.8927456E8 
8.16160082E8 9.18973474E8 9.32222188E8 9.93985608E8 1.024225674E9 1.06733198E9 1.126800222E9 9.95719672E8 9.7289636E8 1.060017048E9 9.35486936E8 9.7135125E8 7.68424496E8 1.034187702E9 9.8968731E8 
1.047142038E9 9.17344484E8 8.03137082E8 9.52321712E8 1.193860946E9 9.97302454E8 1.164950546E9 9.91570936E8 9.27953458E8 8.92370132E8 9.6961682E8 9.61615214E8 9.10654572E8 8.54730772E8 9.91505756E8 
8.90154904E8 8.49990338E8 8.89571184E8 1.038453074E9 1.063200178E9 9.74112344E8 1.087584056E9 8.23035924E8 9.89289252E8 1.071916824E9 8.54414706E8 1.019265574E9 8.61671252E8 1.028512858E9 9.9363992E8 
8.2627297E8 9.12428466E8 9.32912204E8 9.90733624E8 1.015513296E9 1.067183364E9 1.126682154E9 9.98684236E8 9.82773194E8 1.056641054E9 9.33635208E8 9.61544164E8 7.68963318E8 1.034843536E9 9.96187858E8 
1.007729114E9 9.14751764E8 1.015491516E9 1.466609908E9 9.93816022E8 1.094428014E9 1.080046572E9 9.28595002E8 9.25553692E8 9.87236818E8 9.86120784E8 9.2090772E8 8.2850772E8 1.0917499E9 9.96861268E8 
9.28993422E8 7.99978748E8 1.079823742E9 9.43719538E8 9.609049E8 1.05678814E9 9.46730422E8 8.21586598E8 9.75215292E8 1.034042704E9 9.13007096E8 1.031565602E9 9.5429828E8 1.04084894E9 1.003854272E9 
9.95269554E8 9.39777252E8 1.020214666E9 1.461046518E9 9.65257724E8 1.10577532E9 1.102380434E9 9.3278485E8 9.58070924E8 9.52369132E8 9.50815748E8 9.4583477E8 8.2497522E8 1.10845532E9 1.005328536E9 
9.6833636E8 8.82494306E8 9.5054631E8 9.30803218E8 8.6973824E8 1.113819034E9 1.139475532E9 9.95947512E8 9.27706446E8 9.3160177E8 9.46539738E8 1.000582432E9 9.28178886E8 9.624625E8 1.009150278E9 
1.03563143E9 1.309701402E9 8.66953874E8 8.65176758E8 1.126475254E9 1.09330533E9 1.070445622E9 1.087689918E9 8.98768374E8 1.04204652E9 9.12142216E8 1.03205193E9 8.37920348E8 9.53746342E8 1.009315104E9 
1.04946416E9 9.35952366E8 9.32625804E8 9.47273776E8 1.030799398E9 1.04334684E9 9.82187996E8 9.42139622E8 8.78097848E8 1.16531375E9 9.39579432E8 1.426075148E9 9.1765065E8 9.94039982E8 1.013155648E9 
9.72725098E8 9.8942753E8 1.012703522E9 1.043617842E9 9.90000146E8 1.596510258E9 1.05681181E9 9.53637952E8 9.3226734E8 1.040706214E9 9.72602108E8 1.018451744E9 8.9190016E8 9.66028344E8 1.016789552E9 
9.8517552E8 8.9735226E8 9.3891903E8 9.1183944E8 8.89178054E8 1.067948166E9 1.111006696E9 9.48733446E8 9.90635884E8 8.61605862E8 9.1317821E8 1.0202815E9 9.45701022E8 9.38320994E8 1.017257096E9 
1.02715734E9 9.34743488E8 1.01375635E9 1.472452898E9 9.99339866E8 1.09580321E9 1.066645424E9 9.3158215E8 9.3165763E8 1.024340422E9 9.61909216E8 9.07878644E8 8.25546388E8 1.067510322E9 1.020923944E9 
9.46785784E8 8.39354792E8 1.041557684E9 9.57109348E8 9.6720296E8 1.09786104E9 9.28487976E8 8.49881932E8 9.86936514E8 1.00992068E9 8.95583576E8 1.025266858E9 9.399017E8 1.059894342E9 1.02254633E9 
1.036985656E9 1.317774084E9 9.36081712E8 8.5866904E8 1.067134182E9 1.14332331E9 1.073405382E9 1.083244994E9 8.89551664E8 1.00964899E9 8.95608494E8 1.022726468E9 8.1544921E8 9.75632224E8 1.023999268E9 
1.434777884E9 9.74350912E8 8.93527582E8 1.056929464E9 1.041520778E9 1.142620938E9 1.085158508E9 8.90479166E8 9.35431114E8 1.014688144E9 9.49006198E8 1.027522544E9 9.44744092E8 9.65724902E8 1.028550456E9 
9.88850082E8 8.77893598E8 1.073431132E9 9.79922326E8 9.63738484E8 1.166653762E9 9.35950466E8 8.23857216E8 1.00570608E9 8.60048374E8 9.23955336E8 9.859578E8 8.70610914E8 1.063972298E9 1.028964122E9 
9.61625408E8 8.48499808E8 9.50181316E8 9.43315452E8 1.057339762E9 1.05739745E9 1.06456628E9 8.03068678E8 9.85643358E8 1.065138968E9 9.21354334E8 9.78841072E8 8.52140814E8 9.25562382E8 1.032855882E9 
9.79601364E8 9.62353116E8 9.58723098E8 8.52200936E8 1.216549268E9 1.001603472E9 9.52325524E8 1.051153642E9 8.82210142E8 1.023999838E9 9.47903672E8 1.051290268E9 9.18445542E8 8.7510325E8 1.033086932E9 
1.015830852E9 9.49883636E8 9.38775368E8 9.70285822E8 1.098029578E9 1.050083596E9 9.92536684E8 9.36752188E8 8.77401574E8 1.162968614E9 9.12194146E8 1.43122599E9 9.7221411E8 1.031047888E9 1.036936324E9 
1.013861242E9 9.20997676E8 9.2432473E8 1.030044438E9 1.007054808E9 1.137519646E9 1.51130546E9 1.055859208E9 1.03071938E9 9.87830844E8 9.9755401E8 1.01227849E9 9.04082912E8 1.001368286E9 1.041342742E9 
9.3235401E8 8.16619556E8 1.089004564E9 8.77385776E8 9.71562122E8 1.066107362E9 1.006991532E9 8.35036828E8 1.016900338E9 9.95138008E8 9.1056089E8 1.010703432E9 8.98868196E8 1.064034102E9 1.041418744E9 
9.88169674E8 8.95564074E8 9.49571066E8 9.6845101E8 1.558887948E9 1.01282979E9 1.03321532E9 1.014832042E9 9.16393936E8 1.004546038E9 9.26275714E8 1.066105786E9 9.60439656E8 9.15685716E8 1.050091224E9 
9.50217198E8 9.5238574E8 9.4290298E8 9.96554868E8 1.585135136E9 1.165867112E9 1.089568866E9 1.05633733E9 9.58758888E8 1.009758882E9 9.253928E8 1.00084928E9 1.01163934E9 9.45605702E8 1.051396742E9 
1.011683124E9 9.38363306E8 9.27867014E8 1.029913474E9 1.006917264E9 1.160006806E9 1.507607522E9 1.018376108E9 1.033022316E9 9.79643518E8 1.01707212E9 1.039630068E9 8.99916658E8 1.017745216E9 1.052532828E9 
1.055394358E9 9.18665848E8 9.12492616E8 9.67094666E8 1.041397266E9 1.05928531E9 1.003476994E9 9.75196664E8 8.77196222E8 1.17426657E9 9.16950756E8 1.445206234E9 9.08858892E8 1.016472218E9 1.053801048E9 
9.50561838E8 9.53511724E8 9.46247998E8 9.9146383E8 1.58510325E9 1.166075752E9 1.093770934E9 1.05477751E9 9.60679456E8 1.009707124E9 9.2807933E8 1.001431212E9 1.012308252E9 9.44045176E8 1.054788308E9 
9.6818524E8 9.90282664E8 9.7000624E8 1.029354406E9 9.32563714E8 1.584552984E9 1.09074966E9 1.022160108E9 1.039917416E9 9.65921064E8 9.45095198E8 9.82225754E8 9.12646426E8 1.050846744E9 1.057058696E9 
1.054591246E9 9.194941E8 9.12594132E8 9.67607854E8 1.043070932E9 1.05933757E9 1.004048306E9 9.7169265E8 8.81952666E8 1.17648059E9 9.16067576E8 1.44744119E9 9.09392126E8 1.0150851E9 1.058061014E9 
9.33713886E8 8.12839678E8 9.61671524E8 9.64986864E8 1.072337244E9 1.034661546E9 1.025581562E9 8.4672522E8 9.75244096E8 1.062909468E9 9.03102544E8 9.25821644E8 8.28436474E8 9.32975526E8 1.058425298E9 
1.037322664E9 1.325092766E9 9.01110938E8 8.40879644E8 1.10697759E9 1.093456216E9 1.089199638E9 1.094377338E9 9.3091941E8 1.036002884E9 9.09686866E8 9.99784652E8 8.37318222E8 9.55297264E8 1.058540916E9 
9.90176206E8 8.97305348E8 9.46720612E8 9.64715632E8 1.561286544E9 1.01297258E9 1.033884262E9 1.010049042E9 9.1708212E8 1.006682492E9 9.28602054E8 1.056814948E9 9.51522954E8 9.20679488E8 1.063757242E9 
9.5277403E8 9.67536286E8 9.8605814E8 1.003249678E9 9.4371537E8 1.589623234E9 1.105068326E9 1.042458108E9 1.038647758E9 9.59664262E8 9.61462222E8 9.59571364E8 9.24830744E8 1.045608254E9 1.066559342E9 
1.041886514E9 9.36420004E8 8.7003554E8 1.00656174E9 1.145423026E9 9.34288288E8 1.042804828E9 9.65087876E8 9.32181846E8 8.31970112E8 8.98825948E8 8.746465E8 8.75376404E8 8.49124668E8 1.067860994E9 
9.64576246E8 9.8253234E8 9.46599008E8 1.052052046E9 9.54828162E8 1.59690125E9 1.09007144E9 1.034627712E9 9.92990864E8 9.926457E8 9.6608317E8 9.8570223E8 9.21623646E8 1.040589608E9 1.068489902E9 
1.052431966E9 9.46322274E8 9.36950726E8 9.79047646E8 1.035775586E9 1.077547778E9 1.572580582E9 1.04192226E9 1.038906852E9 9.88223592E8 8.92740088E8 1.020269266E9 9.0752803E8 1.011305772E9 1.0686819E9 
1.405478202E9 9.85329164E8 9.11996284E8 1.032527732E9 1.048350618E9 1.16281898E9 1.06517483E9 9.02860678E8 9.1809604E8 9.95742252E8 9.78237124E8 1.045715802E9 9.43795304E8 9.67839874E8 1.075046618E9 
9.97128104E8 9.86926466E8 8.92276036E8 9.4680102E8 9.91124646E8 9.06799516E8 1.055037656E9 8.99553358E8 1.024510032E9 9.37961106E8 7.78379232E8 9.28591206E8 9.46381398E8 1.009619992E9 1.077614322E9 
9.71128902E8 8.64192868E8 1.014647586E9 1.11848832E9 9.39856804E8 1.15125707E9 9.13244194E8 8.20672824E8 9.68359854E8 8.37161658E8 9.15563364E8 1.026818138E9 8.70997738E8 1.143772702E9 1.079082832E9 
9.83653218E8 8.53656744E8 1.009780062E9 1.078885136E9 9.48476426E8 1.147266854E9 9.12879504E8 8.24445842E8 9.70287956E8 8.34955828E8 9.20871576E8 1.003390572E9 8.65378634E8 1.138451482E9 1.08039008E9 
9.33516176E8 9.13352924E8 1.023719638E9 1.106090666E9 1.033459134E9 1.11858417E9 1.023678458E9 9.80466222E8 9.42311966E8 1.02594299E9 1.332888798E9 9.95830978E8 8.37375684E8 1.013937252E9 1.082461986E9 
1.041301592E9 9.55459346E8 8.37202922E8 1.007024714E9 1.108225752E9 9.43598718E8 1.021279464E9 9.729338E8 9.84356294E8 8.4854977E8 8.78622934E8 9.09351814E8 8.81872786E8 8.58828994E8 1.08262743E9 
9.9892419E8 9.23053024E8 8.89713198E8 1.03418457E9 1.15985687E9 8.88735116E8 1.056884966E9 9.37098264E8 9.26586704E8 8.51609304E8 8.63502878E8 8.75324588E8 8.9162863E8 8.96358676E8 1.092492166E9 
1.040840104E9 9.29546152E8 1.035341756E9 1.074906502E9 1.078922508E9 1.15471076E9 1.119953014E9 9.74332498E8 9.31123E8 9.4595856E8 8.55788398E8 1.007589632E9 9.3172399E8 1.486937172E9 1.093269508E9 
9.35049396E8 9.14153992E8 1.01881361E9 1.066993476E9 1.024745664E9 1.151896336E9 1.013463364E9 1.025183776E9 1.016724176E9 1.01774387E9 1.3340313E9 9.72281942E8 8.41152158E8 1.026888044E9 1.093385228E9 
9.99839002E8 9.1760186E8 8.85452522E8 1.02871552E9 1.162218812E9 8.8186568E8 1.053055438E9 9.3914168E8 9.33508772E8 8.53744522E8 8.60806208E8 8.7760051E8 8.8775846E8 8.88742722E8 1.094267914E9 
9.94480434E8 9.73345446E8 8.66032402E8 9.56317356E8 9.9511137E8 8.99763242E8 1.053033846E9 9.13449318E8 1.023667866E9 9.21892964E8 7.92297266E8 9.21718372E8 9.5053127E8 1.009472988E9 1.098117856E9 
9.27516918E8 8.32141978E8 1.087176846E9 8.66397212E8 1.031150726E9 1.063961688E9 9.82219354E8 8.87284464E8 1.01362697E9 1.023837314E9 9.17929788E8 1.016490172E9 8.73493714E8 1.079549446E9 1.098770546E9 
1.03305838E9 9.26255216E8 1.028991852E9 1.068920256E9 1.072960674E9 1.16659831E9 1.10950991E9 9.69903864E8 9.51409334E8 9.4593657E8 8.36169034E8 1.034555546E9 9.21696222E8 1.492002106E9 1.10122196E9 
1.045932136E9 9.61121336E8 9.84172534E8 1.017774154E9 1.160694648E9 9.50505848E8 9.84112674E8 8.8609425E8 8.24249224E8 1.143885958E9 9.47736674E8 9.17825078E8 9.56713144E8 8.46495484E8 1.101244844E9 
9.6757667E8 8.64465018E8 1.12049059E9 8.32531884E8 1.017662834E9 1.16073707E9 1.011975566E9 9.15735732E8 1.000130572E9 9.88204556E8 9.05773974E8 9.7950011E8 9.24415376E8 1.131697122E9 1.102361696E9 
9.58533596E8 9.69679144E8 8.91164768E8 9.76937462E8 1.028449476E9 8.65523078E8 1.09158066E9 9.48319884E8 1.02791474E9 9.30728184E8 8.53615798E8 9.597982E8 9.53342972E8 1.004636256E9 1.103993856E9 
1.034026588E9 9.2674176E8 1.032306984E9 1.073008048E9 1.072849862E9 1.163296904E9 1.107820932E9 9.67639004E8 9.49718792E8 9.46804886E8 8.36742364E8 1.031542978E9 9.17942572E8 1.49206848E9 1.104412272E9 
1.043360266E9 9.69073278E8 9.76901692E8 1.05598554E9 1.183031596E9 9.71436148E8 9.7061932E8 8.8344751E8 8.44163384E8 1.139337946E9 9.41009674E8 8.82515666E8 9.17265768E8 8.3575944E8 1.10626999E9 
1.023422976E9 9.69709252E8 9.83513646E8 1.077465918E9 1.183612868E9 9.96659314E8 9.61949484E8 9.01552454E8 8.49812766E8 1.13592854E9 9.26449E8 9.01098514E8 9.1819555E8 8.43194436E8 1.108403388E9 
9.9519291E8 9.22415514E8 8.67106176E8 8.78032546E8 1.039485606E9 1.064650184E9 1.15370253E9 9.4138898E8 9.00745238E8 1.073165332E9 8.37673224E8 1.07266875E9 8.81238036E8 8.24056438E8 1.109611142E9 
1.014599568E9 9.2957612E8 8.95975938E8 9.42583934E8 1.063763382E9 1.130611672E9 1.185868732E9 9.1349714E8 8.56412308E8 1.037516304E9 8.28933522E8 1.032014256E9 8.8372848E8 8.1936134E8 1.111176316E9 
1.030048296E9 8.82669326E8 9.23835928E8 9.25016396E8 1.033038714E9 1.155542666E9 1.220865024E9 9.0599055E8 8.49028082E8 1.02217088E9 8.2905363E8 1.056410692E9 9.45643334E8 7.97042474E8 1.113579798E9 
1.03243962E9 9.4348436E8 8.9891777E8 9.17335138E8 1.070794642E9 1.142642792E9 1.19809324E9 9.0038102E8 8.46162484E8 1.039929784E9 8.18662454E8 1.026150422E9 8.99154834E8 7.98550714E8 1.114347096E9 
9.68239166E8 8.76332064E8 1.000771234E9 9.54483062E8 1.530679736E9 1.038692054E9 9.91450494E8 9.91388942E8 9.19957886E8 1.008750192E9 9.84930794E8 1.038110628E9 9.14323052E8 9.82426038E8 1.11859653E9 
1.008954588E9 9.49497992E8 1.012041424E9 9.97152258E8 1.09242713E9 1.040908202E9 1.041915522E9 9.29858222E8 1.391487112E9 1.05315504E9 9.45332892E8 9.4807434E8 9.18131136E8 1.01709255E9 1.11869848E9 
9.64271134E8 9.3332233E8 8.72206918E8 8.83216608E8 1.079883058E9 9.9304958E8 1.158715884E9 9.74357084E8 8.94062422E8 1.067948332E9 8.47138886E8 1.096794992E9 8.93056172E8 8.56343698E8 1.124644712E9 
1.00863589E9 9.43090992E8 1.004139144E9 9.85919032E8 1.095017658E9 1.046477602E9 1.043948384E9 9.25542848E8 1.388235092E9 1.044950124E9 9.48736734E8 9.48752102E8 9.17673674E8 1.023407866E9 1.12491792E9 
9.68191636E8 8.57629972E8 1.038992132E9 1.064713832E9 1.063147582E9 1.16971363E9 8.2601181E8 9.33895552E8 9.78330736E8 9.85156152E8 8.70464926E8 1.034598852E9 8.98782226E8 1.050254942E9 1.137705566E9 
9.6530531E8 8.48357296E8 1.046735342E9 1.054131082E9 1.08312186E9 1.14490727E9 8.32757458E8 9.28410074E8 9.72275476E8 9.72040794E8 8.83812472E8 1.03771803E9 9.09924848E8 1.043365532E9 1.143007692E9 
9.26795366E8 8.66155736E8 9.74851848E8 1.02927458E9 9.58298306E8 9.49181642E8 1.076248746E9 9.86266652E8 8.75466032E8 1.030525782E9 9.3373549E8 8.29115198E8 9.11991446E8 1.014820174E9 1.14640757E9 
9.59080812E8 9.84612208E8 9.72756184E8 9.39406834E8 1.046590518E9 1.105220252E9 1.066518392E9 1.397638404E9 1.045926504E9 1.090481672E9 9.31310036E8 1.00498088E9 8.58712014E8 1.032981822E9 1.15316791E9 
9.4693821E8 8.51966254E8 9.1123475E8 1.026448204E9 9.98165962E8 9.30256912E8 1.088679556E9 9.69222974E8 9.25279988E8 1.00421964E9 9.35885056E8 7.9821975E8 9.06989698E8 1.017419978E9 1.155441828E9 
9.746169E8 9.3927552E8 9.63518082E8 1.06613815E9 1.123661772E9 1.06672721E9 1.0034545E9 1.04222788E9 9.16005174E8 1.502875906E9 9.61064128E8 1.053927384E9 8.99391312E8 1.024979322E9 1.159202384E9 
9.59922988E8 9.18785102E8 1.001859582E9 1.042413048E9 1.106723924E9 1.093075124E9 1.042765014E9 1.04560882E9 9.33517858E8 1.515103862E9 9.39975954E8 1.046926344E9 9.1652182E8 1.0367103E9 1.162246358E9 
1.002543764E9 9.31016864E8 1.024340874E9 8.8799329E8 1.034137848E9 1.067938522E9 1.110922782E9 9.20422382E8 9.43067976E8 1.023094128E9 9.71867056E8 1.00144739E9 1.287926978E9 9.15325378E8 1.163653514E9 
9.74225206E8 9.54995946E8 9.95913052E8 1.056016806E9 1.096877992E9 1.096069686E9 1.033180278E9 1.067503956E9 9.36724014E8 1.527487132E9 9.17786568E8 1.0549139E9 9.02635852E8 1.060116724E9 1.171467448E9 
9.40753708E8 8.98373704E8 1.383172112E9 1.0003263E9 9.11245186E8 1.07358658E9 1.064151782E9 9.44277764E8 9.16664252E8 1.04795054E9 9.99412262E8 9.21731142E8 8.95627186E8 1.056780804E9 1.210021744E9 
9.35832018E8 9.02021458E8 1.389706606E9 1.012749754E9 9.24621776E8 1.085046076E9 1.053270356E9 9.41807544E8 9.062901E8 1.05566824E9 1.007774898E9 9.1858774E8 8.94655406E8 1.051303968E9 1.213274768E9 
9.29901982E8 9.03455198E8 1.002133718E9 1.035083742E9 1.01232101E9 1.135043226E9 1.109074658E9 1.054702136E9 9.80908754E8 1.11978163E9 8.8080172E8 1.014480578E9 8.73024446E8 1.11723957E9 1.602328722E9 
9.04822048E8 9.13746642E8 9.95007394E8 1.017685396E9 1.045836008E9 1.101184896E9 1.102242714E9 1.051086578E9 9.90418178E8 1.120474288E9 9.23255506E8 1.034399384E9 8.95285822E8 1.126674878E9 1.60913732E9 
9.25402936E8 9.19078914E8 9.77179278E8 1.015639658E9 1.048622528E9 1.121645244E9 1.125600394E9 1.045959012E9 9.86818574E8 1.124694804E9 9.0031337E8 1.025452994E9 8.89828602E8 1.116048124E9 1.609391824E9 


