#Wed Jun 05 21:03:27 EST 2013
mating_pool=80
mutation_dist=3
algo_name=Hype
stopping_criterion=1000000
comparator=multiObjective.HypeComparator
sol_type=solver.mosolver.MOGASolution
algo_type=solver.mosolver.Hype
logging=false
rand_seed_for_pop=888
range_subdivisions=10
desired_solutions=5,10,15
problemfile=50fac5to20obj\\\\50fac15obj.txt
o=2
HV_sample=2000
runs=30
k=10
rand_seed=clock
problemtype=MOQAP
tournament_size=2
vads=true
mutation_prob=0.1
reweighting_interval=100
c=8
crossover_prob=0.01
delta=10
population=100
Used function evaluations: 1000000

Complete Population
9.77076964E8 8.7453313E8 9.59832348E8 9.73455664E8 9.43833514E8 1.068297906E9 1.03643073E9 9.31063284E8 8.9554212E8 8.6529907E8 8.90992496E8 1.025310776E9 8.29141274E8 9.21290508E8 8.81809932E8 
9.68715818E8 8.7131114E8 9.75448346E8 9.52542108E8 9.192122E8 1.097451872E9 9.99647774E8 9.45044468E8 9.18819358E8 8.43028958E8 8.69775236E8 1.046070798E9 8.1252065E8 9.07972356E8 8.83677826E8 
9.87542238E8 8.78706948E8 9.82875334E8 9.50626698E8 9.15763356E8 1.094635398E9 9.69767718E8 9.44857342E8 9.33390886E8 8.45716232E8 8.75583066E8 1.047495206E9 8.20223192E8 9.22762426E8 9.0225672E8 
9.83240346E8 8.66243418E8 9.7210437E8 9.35832548E8 9.20361312E8 1.067127762E9 9.8775493E8 9.1897318E8 9.20881806E8 8.6110346E8 8.99285332E8 1.045572924E9 8.15325126E8 8.89109572E8 9.04885156E8 
9.83622286E8 8.6106303E8 9.66064932E8 9.2987053E8 9.23750152E8 1.061400582E9 9.82492146E8 9.1109566E8 9.11691524E8 8.53561956E8 8.95625256E8 1.042050516E9 8.17077142E8 8.84173172E8 9.06538872E8 
9.78459422E8 8.64008724E8 9.42797654E8 9.53747296E8 9.25682202E8 1.116134848E9 9.91435492E8 9.30990122E8 9.18947226E8 8.9994421E8 8.82872658E8 1.02202599E9 8.1155224E8 8.9405138E8 9.06871582E8 
9.86744888E8 8.6945593E8 9.62047682E8 9.28165118E8 9.26451236E8 1.06371791E9 9.83840568E8 9.1383444E8 9.16902486E8 8.6281715E8 8.97486114E8 1.052718724E9 8.17389128E8 8.85692262E8 9.0790012E8 
9.84991906E8 8.6096777E8 9.65073246E8 9.29856624E8 9.27632484E8 1.061438402E9 9.82727054E8 9.11220278E8 9.11642858E8 8.5506966E8 8.95675138E8 1.04425302E9 8.17813148E8 8.84282544E8 9.07995924E8 
9.8448322E8 8.60289478E8 9.7338888E8 9.32457152E8 9.27469214E8 1.06544284E9 9.82940578E8 9.1413491E8 9.15008924E8 8.55761558E8 8.9613695E8 1.042120906E9 8.1636493E8 8.84081052E8 9.08214174E8 
9.79909968E8 8.51475548E8 9.62657266E8 9.50243844E8 9.32416646E8 1.057546936E9 9.9505299E8 9.12825758E8 9.07856632E8 8.59073706E8 8.95190076E8 1.036930084E9 8.1839346E8 8.79466356E8 9.0844834E8 
9.92220402E8 8.69831148E8 9.5296907E8 9.20199928E8 9.2575327E8 1.075662762E9 9.71887824E8 9.25791702E8 9.0611033E8 8.50642366E8 9.12755236E8 1.030204176E9 8.22207798E8 8.74585716E8 9.09638394E8 
9.65885096E8 8.56230844E8 9.6870702E8 9.59183606E8 9.28961318E8 1.12364635E9 1.030577966E9 9.54636584E8 9.0370144E8 8.59212528E8 8.6589491E8 1.079941342E9 8.1868482E8 9.04714188E8 9.11975694E8 
9.44632918E8 8.9965921E8 9.66755554E8 9.73551376E8 9.47408568E8 1.073627106E9 1.013265232E9 9.14398464E8 9.0613772E8 8.4428178E8 8.6455592E8 9.94115168E8 8.27029126E8 9.24153678E8 9.18105554E8 
9.76163666E8 8.7122807E8 9.79708846E8 9.59003216E8 9.54560922E8 1.076157998E9 9.87655462E8 9.25543688E8 9.08536386E8 8.48976486E8 8.7451214E8 1.03855877E9 8.10621472E8 8.66762584E8 9.21485856E8 
9.65745584E8 8.72813168E8 9.71527142E8 9.62944762E8 9.55312634E8 1.083047488E9 9.92374846E8 9.19077682E8 9.08161252E8 8.5612441E8 8.79835154E8 1.03992079E9 8.08566768E8 8.63615294E8 9.23416736E8 
9.5926365E8 9.25237948E8 9.21118646E8 8.9464091E8 1.020674074E9 1.029040668E9 9.5257823E8 9.5829984E8 8.31178346E8 9.39835916E8 8.8723729E8 1.033372882E9 8.89527788E8 8.5127618E8 9.24277282E8 
9.48839934E8 9.3061102E8 9.54905138E8 9.18385986E8 9.71537258E8 1.047670354E9 9.61001244E8 8.98533446E8 8.1263421E8 9.2794229E8 9.18117092E8 1.034012224E9 8.57226492E8 8.67484774E8 9.27089232E8 
9.64764614E8 9.29804572E8 9.284273E8 8.79090072E8 9.59457136E8 1.051299912E9 9.79356492E8 9.4859611E8 8.47989102E8 8.97927748E8 9.42453372E8 1.048939056E9 8.31677256E8 8.55963084E8 9.29048618E8 
9.5497828E8 9.27096228E8 9.21477434E8 8.6745347E8 9.98027454E8 1.038449422E9 9.47755888E8 9.45700554E8 8.29702762E8 9.21193518E8 8.82205498E8 1.032593446E9 8.88270846E8 8.59864168E8 9.30885996E8 
9.73391086E8 8.77667304E8 9.65772084E8 9.10789118E8 9.40643704E8 1.058966768E9 9.77969538E8 9.27776208E8 8.75545478E8 8.41177772E8 9.24149374E8 1.038545422E9 8.46122582E8 8.62360524E8 9.31643094E8 
9.50234552E8 9.17724036E8 9.35083156E8 8.79251308E8 9.9313799E8 1.041426914E9 9.35308876E8 9.25720546E8 8.45937988E8 8.9269925E8 8.9124338E8 1.048634412E9 8.58722018E8 8.675162E8 9.32486592E8 
9.71265078E8 9.33411036E8 9.18281164E8 8.745417E8 9.66448412E8 1.059641528E9 9.7310114E8 9.4953428E8 8.4225936E8 8.87714578E8 9.45269928E8 1.04128505E9 8.31377418E8 8.52071826E8 9.33049716E8 
9.80264188E8 9.11146926E8 9.12133108E8 8.99091652E8 9.5345845E8 1.075945622E9 9.90852942E8 9.09191408E8 8.8722636E8 8.60973096E8 9.2955713E8 1.021111882E9 8.58469886E8 8.5393058E8 9.33454938E8 
9.6039505E8 9.20615858E8 9.08416942E8 9.03363972E8 9.91494056E8 1.012802964E9 9.689028E8 8.93881996E8 8.51831872E8 9.09197228E8 9.09490818E8 1.046940272E9 8.75063564E8 8.70326468E8 9.36617432E8 
9.77847374E8 9.09823758E8 9.13949668E8 8.98925234E8 9.44156388E8 1.077210114E9 9.89171864E8 9.11692778E8 8.85337794E8 8.49307998E8 9.30320486E8 1.013951816E9 8.54569098E8 8.56215942E8 9.37156658E8 
9.59375546E8 9.20455082E8 9.39157702E8 8.72418604E8 1.007444908E9 1.029104018E9 9.25659198E8 9.24486166E8 8.4153137E8 8.88471042E8 9.07127066E8 1.050983296E9 8.52840494E8 8.62732072E8 9.3775893E8 
9.616126E8 8.99537674E8 9.06892792E8 9.30767704E8 9.5331022E8 1.06841727E9 1.013157156E9 9.10690694E8 8.8077142E8 8.6651803E8 9.35063692E8 1.002332844E9 8.55522944E8 8.65152182E8 9.40501014E8 
9.59146752E8 9.16878472E8 9.43472464E8 8.87329406E8 9.27158952E8 1.057465626E9 9.37324694E8 9.01585614E8 8.37029342E8 8.88716902E8 9.14201968E8 1.03107852E9 8.41807426E8 8.9244561E8 9.44487824E8 
9.59164692E8 9.16930648E8 9.43483278E8 8.8729105E8 9.2731062E8 1.05753181E9 9.3731308E8 9.0148624E8 8.3708633E8 8.88826388E8 9.14314362E8 1.031114374E9 8.4173153E8 8.92358062E8 9.44611234E8 
9.59737922E8 9.16557482E8 9.43837552E8 8.86262132E8 9.28443856E8 1.057533398E9 9.37187696E8 9.01086884E8 8.36378354E8 8.90049492E8 9.13484502E8 1.031277916E9 8.41365912E8 8.94258142E8 9.4506775E8 
9.57256614E8 9.15868474E8 9.46731064E8 8.92501534E8 9.3078289E8 1.0540554E9 9.3095861E8 9.06008876E8 8.34445382E8 8.9064061E8 9.1259576E8 1.034811038E9 8.42854512E8 8.96766918E8 9.4762001E8 
9.58234158E8 9.17418186E8 9.43998812E8 8.88691914E8 9.27022418E8 1.054556832E9 9.3623956E8 9.0684092E8 8.35683856E8 8.89109338E8 9.0972358E8 1.027686796E9 8.43750886E8 8.96327862E8 9.49906588E8 
9.58304538E8 9.16880402E8 9.1844909E8 8.77215828E8 1.005834206E9 1.020098974E9 9.41702582E8 9.43412424E8 8.3053267E8 9.5329568E8 8.78615542E8 1.045550176E9 8.72343238E8 8.7455966E8 9.51028896E8 
9.5465874E8 9.13600612E8 9.4699877E8 8.94387632E8 9.23856968E8 1.044083668E9 9.33446594E8 9.06358068E8 8.40510888E8 8.88853446E8 9.138407E8 1.028993858E9 8.4986546E8 9.0162442E8 9.51358126E8 
9.50563944E8 7.90182742E8 9.46230146E8 9.27224804E8 1.008841788E9 1.009720878E9 9.66995024E8 8.74858184E8 9.02630132E8 9.65957256E8 8.88455234E8 1.033148816E9 8.51660546E8 9.2153863E8 9.5164475E8 
9.5266939E8 7.8936203E8 9.47308514E8 9.238728E8 1.00975027E9 1.010926736E9 9.65921416E8 8.73907348E8 9.031679E8 9.6748611E8 8.89122162E8 1.033275086E9 8.50453756E8 9.22537424E8 9.51948738E8 
9.70680204E8 9.20886718E8 9.05359302E8 8.84586778E8 9.2137848E8 1.068251232E9 9.4927373E8 9.05379888E8 8.55856102E8 8.85486596E8 9.14318302E8 1.022950394E9 8.30739454E8 8.9174938E8 9.54603806E8 
9.60686964E8 7.95549192E8 9.55177136E8 9.3406443E8 1.015071912E9 9.94524946E8 9.75302516E8 8.77858954E8 8.82171056E8 9.6995604E8 8.92993502E8 1.042146412E9 8.47855818E8 9.1214558E8 9.63133678E8 
9.36538196E8 8.11554786E8 9.58854344E8 9.2793116E8 9.95191758E8 9.9179516E8 9.70252978E8 9.2168725E8 9.0289016E8 9.30150194E8 8.96297102E8 1.00610437E9 8.25154918E8 9.23370362E8 9.64818404E8 
9.36496302E8 8.13803856E8 9.60342584E8 9.23861522E8 9.93384348E8 9.91746336E8 9.6959255E8 9.23068144E8 9.09217816E8 9.28209708E8 8.91444328E8 1.005540474E9 8.30730138E8 9.24630434E8 9.65983562E8 
9.63193576E8 7.93873568E8 9.5687465E8 9.2883493E8 1.017873322E9 1.000367064E9 9.64105128E8 8.8092857E8 8.99454592E8 9.62777878E8 8.91655392E8 1.020092598E9 8.47935644E8 9.09652484E8 9.66111404E8 
9.36874108E8 8.15532854E8 9.59894002E8 9.22032094E8 9.92410154E8 9.95666666E8 9.70116672E8 9.23017608E8 9.12509218E8 9.2974705E8 8.91943308E8 1.004999882E9 8.35926594E8 9.2740635E8 9.66749022E8 
9.55920194E8 9.20102636E8 9.52493638E8 9.02361036E8 9.21708034E8 1.055764178E9 9.37381988E8 9.09621838E8 8.39744314E8 8.91881756E8 9.16280648E8 1.033930314E9 8.46563122E8 8.97622186E8 9.6783668E8 
9.44118632E8 8.32029078E8 9.74830382E8 9.23864824E8 9.81083262E8 1.00508742E9 9.55397162E8 9.03158314E8 8.83676998E8 9.34060924E8 8.73487024E8 1.022626382E9 8.469617E8 9.03317128E8 9.6858829E8 
9.44175516E8 8.3188888E8 9.7484988E8 9.23882162E8 9.81041804E8 1.00485168E9 9.55404166E8 9.03210146E8 8.83898326E8 9.33945732E8 8.73631674E8 1.022626008E9 8.46793044E8 9.03386892E8 9.68628428E8 
9.6324489E8 7.92494538E8 9.5691168E8 9.31512796E8 1.01981071E9 9.9787374E8 9.58874432E8 8.79526106E8 8.98446918E8 9.60381084E8 8.89157102E8 1.021037934E9 8.49693718E8 9.11904728E8 9.69236318E8 
9.62887958E8 7.90755544E8 9.57023998E8 9.24494754E8 1.01623816E9 9.99062196E8 9.59443084E8 8.68105768E8 9.04348536E8 9.62188136E8 8.81727976E8 1.026252976E9 8.55407898E8 9.16678434E8 9.69933746E8 
9.62595406E8 7.9140505E8 9.55124236E8 9.2972053E8 1.016766358E9 9.96531496E8 9.5957413E8 8.72430284E8 8.96717694E8 9.61280948E8 8.84023054E8 1.024298452E9 8.51672334E8 9.1570182E8 9.70594716E8 
9.98931182E8 9.36237962E8 9.1221827E8 9.12710814E8 9.68876452E8 1.060085886E9 9.5616483E8 9.22754494E8 8.20198298E8 8.72683984E8 9.22175868E8 1.012417408E9 8.78066776E8 9.15501988E8 9.71091798E8 
9.48374918E8 9.0034813E8 9.32423244E8 8.9943574E8 9.99855578E8 1.03901745E9 9.38354016E8 9.20637464E8 8.4813095E8 9.08830152E8 8.88900974E8 1.0385133E9 8.57557114E8 8.87354968E8 9.73226852E8 
9.68628496E8 9.01852564E8 9.76501286E8 8.9398848E8 9.52414316E8 1.042819122E9 9.22977018E8 8.7501401E8 8.24737278E8 8.99262434E8 9.3957681E8 1.037134848E9 8.58151918E8 8.99321262E8 9.75092398E8 
8.7682757E8 8.51831826E8 8.9607496E8 9.950962E8 9.91124616E8 1.086908442E9 9.42654372E8 8.56396908E8 9.30691054E8 1.012483638E9 8.45269442E8 9.5061556E8 8.360511E8 1.021345828E9 9.79968774E8 
9.23903966E8 8.65559438E8 9.82336066E8 8.8548237E8 9.32118784E8 1.057277116E9 9.77529544E8 9.09725398E8 8.62726576E8 9.30213588E8 8.88931292E8 1.023768298E9 8.52219296E8 9.11911606E8 9.85678234E8 
8.84610646E8 8.98685694E8 8.9708576E8 9.3589222E8 1.02572666E9 1.036079382E9 9.55367586E8 9.45747416E8 8.9636836E8 9.13571086E8 8.37003798E8 9.70531298E8 8.03472566E8 9.35556486E8 9.94487194E8 
9.39217942E8 7.80575256E8 9.59587746E8 9.57165708E8 1.036072268E9 1.007288754E9 9.55703092E8 8.84845756E8 9.00742624E8 9.53902276E8 8.81791484E8 9.89404764E8 8.46457852E8 9.7211327E8 9.96523356E8 
8.82944176E8 8.49089358E8 8.92104708E8 9.92238246E8 9.69653958E8 1.088252406E9 9.35921534E8 8.69865214E8 9.18436616E8 9.8760129E8 8.40060986E8 1.003620654E9 8.28998478E8 9.74500176E8 9.99921008E8 
9.42040204E8 9.43537312E8 9.08387146E8 9.41243422E8 9.18315402E8 1.045915152E9 9.54623116E8 8.90506906E8 9.05708008E8 8.52948118E8 8.38497644E8 9.32363896E8 8.41701752E8 9.36081466E8 1.003077728E9 
8.86596696E8 8.37889902E8 8.92535024E8 1.004642676E9 9.78227004E8 1.097083712E9 9.23180502E8 8.59582652E8 9.13584672E8 9.86989576E8 8.47804176E8 1.001332224E9 8.3170844E8 9.60849956E8 1.003311312E9 
9.4200359E8 9.43585238E8 9.08526904E8 9.41237774E8 9.18215238E8 1.045896954E9 9.54710922E8 8.90659478E8 9.0569514E8 8.52716126E8 8.38313546E8 9.32727242E8 8.4176671E8 9.36315324E8 1.00366656E9 
9.41993414E8 9.43641752E8 9.08507682E8 9.41185568E8 9.18209598E8 1.045888492E9 9.5465377E8 8.9068444E8 9.05648504E8 8.52808884E8 8.38329826E8 9.32777936E8 8.41743538E8 9.3631816E8 1.00369542E9 
8.92133228E8 9.02069532E8 9.05664108E8 9.34856276E8 1.018249256E9 1.013535916E9 9.48241372E8 9.45804324E8 8.9721098E8 9.31838276E8 8.31163644E8 9.68663666E8 8.10085754E8 9.27908088E8 1.003935908E9 
9.421225E8 9.41498064E8 9.09100286E8 9.42482732E8 9.1702629E8 1.04524994E9 9.55834776E8 8.9178302E8 9.0593755E8 8.50950108E8 8.38214736E8 9.32427694E8 8.42178166E8 9.35471756E8 1.004485826E9 
8.8095822E8 9.27448644E8 9.08768986E8 9.72943228E8 1.008169708E9 1.016915764E9 9.6032458E8 9.39371472E8 8.84856006E8 8.80765666E8 8.75761302E8 9.76061906E8 7.7842347E8 9.34487756E8 1.005072024E9 
8.70062636E8 9.03036312E8 9.05433092E8 9.4755346E8 1.031053318E9 1.026820322E9 9.39532066E8 9.4455582E8 9.01169426E8 9.12123278E8 8.39921456E8 9.7344799E8 7.9861579E8 9.21074558E8 1.006154712E9 
9.05187542E8 9.28195498E8 9.04415748E8 9.36186592E8 9.48830728E8 1.06935782E9 9.4909844E8 8.7306289E8 9.2071254E8 8.83769672E8 8.33869336E8 9.37534286E8 8.1256957E8 9.7627886E8 1.007998362E9 
9.0846498E8 9.28791796E8 9.01192522E8 9.4126285E8 9.42164876E8 1.060869806E9 9.53896194E8 8.74633266E8 9.23714682E8 8.73661888E8 8.35500054E8 9.30374844E8 8.12959226E8 9.78036156E8 1.009232742E9 
9.42954776E8 9.27124358E8 8.96911032E8 8.98828816E8 9.28067648E8 1.026179078E9 9.52887078E8 8.69710228E8 9.32338156E8 8.78639474E8 8.62587296E8 9.16542522E8 8.38943042E8 9.57747534E8 1.012227048E9 
9.32636858E8 9.2959134E8 9.00019056E8 8.99128854E8 9.32298618E8 1.029342064E9 9.49336116E8 8.88831432E8 9.30652234E8 8.87685162E8 8.57666002E8 9.18723996E8 8.28554234E8 9.49788552E8 1.012415072E9 
9.40861482E8 9.32519704E8 8.92339222E8 8.95366958E8 9.23876328E8 1.037357716E9 9.638493E8 8.6301623E8 9.34844336E8 8.67187756E8 8.61404914E8 9.18480774E8 8.39294396E8 9.68443372E8 1.013322366E9 
9.39907604E8 9.30153306E8 8.96266962E8 8.96059304E8 9.21177894E8 1.028673022E9 9.55963662E8 8.7142231E8 9.34811006E8 8.74814822E8 8.66419872E8 9.16795498E8 8.4022587E8 9.58761288E8 1.014111504E9 
9.4002779E8 9.30139428E8 8.9625253E8 8.9613482E8 9.21409822E8 1.028555294E9 9.55832658E8 8.71665956E8 9.34815044E8 8.7476483E8 8.66349042E8 9.16845436E8 8.40113084E8 9.58490908E8 1.014258126E9 
9.39967006E8 9.30076112E8 8.96390014E8 8.96181522E8 9.212176E8 1.02855758E9 9.55982802E8 8.7150291E8 9.34780752E8 8.74885676E8 8.66242944E8 9.16859588E8 8.40248198E8 9.58569292E8 1.014289328E9 
9.18123714E8 8.97769236E8 9.02610086E8 9.7337302E8 9.8680548E8 1.02997086E9 9.41970154E8 9.19101204E8 8.93490438E8 9.02923324E8 8.5223472E8 9.82294174E8 7.68624004E8 9.41036678E8 1.014546152E9 
9.18594758E8 8.88190328E8 9.08390672E8 9.62907636E8 9.89006804E8 1.01640754E9 9.33969572E8 9.29336256E8 8.88134434E8 8.94739054E8 8.56193152E8 9.61767666E8 7.71071878E8 9.50656534E8 1.014808932E9 
9.56863944E8 9.3483968E8 9.28417254E8 9.1194586E8 9.44403396E8 1.05764897E9 9.80884658E8 8.66676444E8 9.27704208E8 8.39081526E8 8.54156776E8 8.89403996E8 8.45669802E8 9.4174588E8 1.014847002E9 
9.4651766E8 9.39983716E8 9.1518914E8 9.23808166E8 9.60268394E8 1.031777242E9 9.38022836E8 9.10198308E8 8.65459746E8 8.69079034E8 8.3713374E8 9.5357814E8 8.59025868E8 9.2502666E8 1.01488874E9 
9.23885228E8 8.94656348E8 9.05169304E8 9.67459054E8 9.8379679E8 1.012419562E9 9.40280926E8 9.24846448E8 8.88917974E8 8.97913088E8 8.54507464E8 9.53363014E8 7.73159306E8 9.62542786E8 1.015900644E9 
9.1047992E8 9.14245374E8 9.40298192E8 9.10455054E8 9.62495504E8 1.01848128E9 9.3361749E8 8.83529974E8 9.15158286E8 9.16225268E8 8.54720236E8 9.25568008E8 8.32734544E8 9.55781728E8 1.01697248E9 
9.26758564E8 8.89532452E8 9.07226154E8 9.67643126E8 9.8274028E8 1.003127558E9 9.3863503E8 9.30749422E8 8.87937442E8 8.93494504E8 8.49369182E8 9.57070314E8 7.73350986E8 9.56718592E8 1.017687686E9 
9.29001664E8 9.39164896E8 9.05609828E8 9.4885494E8 9.25630528E8 1.068128058E9 9.733734E8 8.96503046E8 9.31602936E8 8.72336518E8 8.2789382E8 9.12806858E8 8.23360754E8 9.4525211E8 1.018762444E9 
9.32204964E8 8.9390756E8 9.06125274E8 9.5388062E8 9.83597562E8 1.021170976E9 9.35820928E8 9.21737202E8 8.872644E8 8.97407958E8 8.50774276E8 9.55257672E8 7.74286948E8 9.52433932E8 1.018812474E9 
9.3300265E8 8.13233414E8 9.9696296E8 9.81923396E8 9.93019716E8 1.006122472E9 9.65372484E8 9.18679936E8 9.06576192E8 9.02348376E8 8.9919254E8 9.6447236E8 8.480188E8 9.3134824E8 1.02102916E9 
9.17241208E8 9.09518944E8 9.61669046E8 9.59851026E8 9.9350984E8 1.042670352E9 9.26089716E8 9.26359744E8 8.74908696E8 8.9428944E8 8.42963314E8 9.3972824E8 7.6225252E8 9.3055112E8 1.021999806E9 
8.5957751E8 8.77244266E8 9.42567804E8 9.72497938E8 1.032409968E9 1.034930356E9 9.38417126E8 9.62946232E8 8.95929212E8 9.11401516E8 8.52768462E8 9.64772846E8 7.84392288E8 9.28099614E8 1.022819306E9 
9.22662162E8 8.9057585E8 9.10871102E8 9.72224226E8 9.82210894E8 1.006912646E9 9.36902118E8 9.3344477E8 8.8605807E8 8.96723976E8 8.5130707E8 9.55273428E8 7.70217094E8 9.56E8 1.023209002E9 
9.41868774E8 8.87679718E8 8.93802366E8 9.67968176E8 1.003894492E9 1.007236794E9 9.10152038E8 8.83103222E8 9.16671534E8 9.2230709E8 8.30015758E8 9.63772342E8 8.21471734E8 9.59473546E8 1.024813314E9 
9.3016748E8 9.403045E8 9.63012626E8 9.71655514E8 9.58764466E8 1.077448914E9 9.51358214E8 9.41187824E8 8.76124808E8 9.05195142E8 8.35882554E8 9.12460436E8 7.66233628E8 9.4379753E8 1.025583516E9 
9.4172697E8 9.05484558E8 9.07844446E8 9.08576442E8 9.78328544E8 1.014565308E9 9.60775226E8 8.96210678E8 9.641088E8 8.4814459E8 8.39665154E8 9.29355398E8 8.7069596E8 9.44000376E8 1.025872468E9 
9.2966589E8 8.88994752E8 9.14392918E8 9.78987746E8 9.8129706E8 1.006872342E9 9.47244822E8 9.30095776E8 8.84594026E8 8.97189798E8 8.44595388E8 9.58060604E8 7.77415268E8 9.53033398E8 1.026972796E9 
9.29332184E8 7.8090683E8 9.87898232E8 9.48601656E8 1.038941538E9 9.99653218E8 9.66443454E8 9.09172684E8 8.97133508E8 1.01139448E9 9.0976535E8 9.72435126E8 8.4902794E8 9.85802312E8 1.029997156E9 
8.52194812E8 8.82088842E8 9.4254775E8 9.7095905E8 1.023440214E9 1.052804202E9 9.34141176E8 9.6776427E8 8.70769856E8 9.21813386E8 8.6636856E8 9.72292806E8 7.89174466E8 9.22946912E8 1.03034957E9 
9.03151738E8 9.0595668E8 9.5723917E8 9.43355432E8 1.033550282E9 1.046083474E9 9.43236156E8 9.66357556E8 8.68337832E8 9.10167786E8 8.19317798E8 9.48416252E8 7.83332262E8 9.29271084E8 1.033696046E9 
9.32750834E8 9.25577876E8 9.15471698E8 9.17033828E8 9.6962842E8 1.019876568E9 9.24317982E8 9.21591144E8 8.87414212E8 8.85123354E8 8.32086564E8 9.72124166E8 8.44594296E8 9.07590124E8 1.035922542E9 
9.35321304E8 9.29254666E8 9.14506096E8 9.19219256E8 9.70060706E8 1.02615183E9 9.25311306E8 9.24470916E8 8.85457152E8 8.89471884E8 8.31693484E8 9.7212789E8 8.44053524E8 9.06906096E8 1.036811342E9 
8.86658144E8 8.98970842E8 9.2834655E8 9.85068074E8 1.012498558E9 1.066659798E9 9.79825986E8 9.43888608E8 9.19886958E8 8.91946086E8 8.72411E8 8.89569054E8 7.51218E8 1.011402916E9 1.042886296E9 
9.05593202E8 8.73337142E8 9.2257748E8 9.80737566E8 1.007285346E9 9.90417212E8 9.6436106E8 9.4066535E8 8.91637464E8 9.22192852E8 8.44333086E8 9.34994876E8 7.78957548E8 9.62301806E8 1.050724894E9 
8.85212252E8 8.79199484E8 9.24062768E8 9.72973354E8 1.007713554E9 1.049951276E9 9.74767424E8 9.42029062E8 9.04792482E8 8.81542304E8 8.52211414E8 8.90806534E8 7.65509518E8 1.01388275E9 1.056141854E9 
8.9607821E8 8.98521582E8 9.2443108E8 9.82976608E8 1.012066344E9 1.04761241E9 9.79731424E8 9.19173962E8 8.98123174E8 8.48552952E8 8.5699935E8 8.48927724E8 7.86991674E8 1.030521262E9 1.059245492E9 
9.50157766E8 9.22681258E8 9.2067418E8 9.39987564E8 9.62052762E8 1.051470704E9 9.59519694E8 9.26371718E8 9.5901934E8 8.74249372E8 8.1689231E8 9.2381306E8 8.68178824E8 9.25536178E8 1.060670202E9 
9.01023238E8 8.90402136E8 9.09496562E8 9.62025734E8 1.036876096E9 1.069310728E9 9.6402611E8 9.49017882E8 8.94383942E8 9.05462194E8 8.46731184E8 8.77982742E8 7.60041888E8 1.01267069E9 1.066087578E9 


