#Sat Apr 20 14:34:28 EST 2013
mating_pool=80
mutation_dist=3
algo_name=RWZ_Niching
stopping_criterion=Lack of Progress, 15 iterations
comparator=multiObjective.RWZNichingComparator
sol_type=solver.mosolver.RWZSolution
algo_type=solver.mosolver.NichingMOGA
logging=false
rand_seed_for_pop=888
range_subdivisions=10
desired_solutions=5,10,15
problemfile=50fac5to20obj\\\\50fac15obj.txt
o=2
HV_sample=100000
runs=30
k=10
rand_seed=clock
problemtype=MOQAP
tournament_size=2
vads=true
mutation_prob=0.1
reweighting_interval=Reweight at no progress
c=8
crossover_prob=0.01
delta=10
population=100
Used function evaluations: 286360

Complete Population
9.34226436E8 9.11798742E8 8.58276794E8 9.42870832E8 9.93682216E8 1.020793888E9 1.081704542E9 8.99249716E8 9.2039428E8 9.12486938E8 8.95427126E8 9.54457454E8 7.90773E8 9.7253148E8 9.80869662E8 
9.34235852E8 9.1180219E8 8.5828211E8 9.4280177E8 9.93700594E8 1.020758182E9 1.081914084E9 8.99228322E8 9.2025015E8 9.12353902E8 8.95456106E8 9.54447362E8 7.90849884E8 9.72562336E8 9.80988272E8 
9.3311251E8 9.1159056E8 8.57075888E8 9.38321226E8 9.98393126E8 1.021704394E9 1.081586276E9 9.0114157E8 9.22997068E8 9.11483686E8 8.94246528E8 9.50954592E8 7.9031817E8 9.69115658E8 9.8155552E8 
9.35205574E8 8.93782238E8 8.4971668E8 9.5272522E8 1.010275346E9 1.023032136E9 1.08108818E9 8.94227862E8 9.15149712E8 9.2097371E8 8.99480876E8 9.56367612E8 7.86370318E8 9.77600396E8 9.82933716E8 
9.35087476E8 8.93734674E8 8.4964863E8 9.52762868E8 1.010460488E9 1.023086806E9 1.08085913E9 8.94093292E8 9.15163958E8 9.20756678E8 8.99318492E8 9.56205922E8 7.86082902E8 9.77695042E8 9.82933736E8 
9.34981952E8 8.93799956E8 8.50017178E8 9.52851038E8 1.01036022E9 1.022847908E9 1.081000384E9 8.94266252E8 9.15164494E8 9.21167702E8 8.99312868E8 9.56393002E8 7.8639929E8 9.7783302E8 9.83139194E8 
9.3335464E8 9.06729144E8 8.59988686E8 9.3760575E8 9.94311564E8 1.017394862E9 1.08718236E9 9.02768658E8 9.23667008E8 9.07965856E8 8.98502124E8 9.5238441E8 7.91846894E8 9.68086308E8 9.84051548E8 
9.36377072E8 9.08344676E8 8.58559696E8 9.37957996E8 9.98195622E8 1.018789778E9 1.082076044E9 9.03541204E8 9.19898114E8 9.08484912E8 8.96344164E8 9.51873792E8 7.90172654E8 9.72476996E8 9.84959166E8 
9.10926374E8 9.52649748E8 8.60213146E8 9.09036218E8 9.56036316E8 1.06306383E9 1.073936324E9 8.48612442E8 9.55734336E8 9.22734636E8 8.50430254E8 9.26263486E8 8.28341548E8 9.45286796E8 9.98453516E8 
8.85905222E8 9.07584696E8 8.54230136E8 9.12588822E8 9.540532E8 1.063893694E9 1.062294162E9 8.44250732E8 9.82429624E8 9.46011104E8 8.52468568E8 9.96872148E8 8.04651172E8 9.63595538E8 1.00269501E9 
8.93974226E8 9.10748924E8 8.71981884E8 9.02456576E8 9.42090428E8 1.08996611E9 1.05122929E9 8.57282078E8 9.54750018E8 9.27400864E8 8.50919362E8 9.62510388E8 7.99594078E8 9.89773678E8 1.004455702E9 
8.55373892E8 9.03615804E8 8.51446508E8 9.42279364E8 9.7569809E8 1.11038713E9 1.055301048E9 8.68686014E8 9.53460618E8 9.3493794E8 8.76010794E8 9.83891588E8 7.8797092E8 9.74335742E8 1.0051477E9 
8.83303704E8 9.44037516E8 8.49260354E8 9.30173922E8 9.53658926E8 1.05767695E9 1.04089601E9 8.3724951E8 9.6883103E8 9.58927438E8 8.43929638E8 9.55437544E8 8.03123392E8 9.9300028E8 1.009351282E9 
8.81361834E8 9.0956131E8 8.58281894E8 9.20473896E8 9.76416294E8 1.068257442E9 1.053677322E9 8.30249328E8 9.96296118E8 9.56112548E8 8.49543062E8 9.54703966E8 7.98632864E8 9.82333106E8 1.009398304E9 
8.7904389E8 9.21467736E8 8.64612646E8 9.07664422E8 9.842226E8 1.055032452E9 1.045981462E9 8.29074496E8 9.89940786E8 9.56374392E8 8.63372446E8 9.5551701E8 8.03363654E8 9.73873636E8 1.009505452E9 
8.92424468E8 9.11206044E8 8.69633658E8 8.84790034E8 9.33871228E8 1.076647886E9 1.061957346E9 8.49514898E8 9.89550716E8 9.30568762E8 8.56535282E8 9.57574752E8 8.0626925E8 9.73277466E8 1.011890328E9 
9.05001722E8 9.27916866E8 8.63055342E8 8.88065052E8 9.49693268E8 1.081824578E9 1.04612802E9 8.43934106E8 9.7920267E8 9.35812348E8 8.60276154E8 9.55859488E8 8.03048814E8 9.84156378E8 1.01312552E9 
8.9185436E8 9.21837058E8 8.64982872E8 8.93916644E8 9.59789956E8 1.070412242E9 1.050600312E9 8.49146378E8 9.7910699E8 9.32238238E8 8.64176738E8 9.66000438E8 7.94258294E8 9.6917887E8 1.01327943E9 
8.86518004E8 9.17619676E8 8.65058302E8 8.94584504E8 9.49880016E8 1.062936168E9 1.055301836E9 8.42779236E8 9.84793642E8 9.4396502E8 8.52357794E8 9.60054092E8 8.07288704E8 9.72106568E8 1.013307198E9 
8.86581284E8 9.17354388E8 8.65566308E8 8.94455942E8 9.4936538E8 1.062965992E9 1.05476043E9 8.4256359E8 9.84756534E8 9.43704898E8 8.52161118E8 9.60381242E8 8.06997552E8 9.7205316E8 1.013330936E9 
8.86932722E8 9.15291794E8 8.6107758E8 9.09712546E8 9.73916678E8 1.061293182E9 1.051600166E9 8.37973806E8 9.97272562E8 9.3919577E8 8.67047476E8 9.57182138E8 7.93877182E8 9.71834364E8 1.013561134E9 
8.86073734E8 9.1590251E8 8.59865044E8 8.99793504E8 9.5693861E8 1.074758342E9 1.05590169E9 8.4079638E8 9.77451882E8 9.40435046E8 8.5059695E8 9.59639986E8 7.98374502E8 9.76270276E8 1.014113746E9 
8.81102298E8 9.14615136E8 8.6755705E8 9.10770726E8 9.79027272E8 1.06068222E9 1.050922234E9 8.29761726E8 9.90551208E8 9.50049448E8 8.64737518E8 9.55568662E8 7.9168088E8 9.78454726E8 1.014211642E9 
8.75101388E8 9.19023854E8 8.64172458E8 8.93986776E8 9.63901296E8 1.07362661E9 1.0517112E9 8.44221116E8 9.867239E8 9.41056498E8 8.56440096E8 9.52588164E8 8.0443396E8 9.7786222E8 1.014214776E9 
9.14703246E8 9.24312478E8 8.30001608E8 8.8486117E8 9.572606E8 1.111773574E9 1.05358433E9 8.73451546E8 9.63919316E8 9.35363198E8 8.38049448E8 9.72777714E8 8.18563584E8 9.4582127E8 1.014373544E9 
8.80704186E8 9.14410852E8 8.4682967E8 9.11209008E8 9.5908492E8 1.077129316E9 1.095293558E9 8.48711698E8 9.70043196E8 9.52455634E8 8.4553652E8 9.72028384E8 7.98205616E8 9.64657874E8 1.014608606E9 
8.7634781E8 9.21656556E8 8.68081486E8 9.1367162E8 9.83882506E8 1.054526976E9 1.04629283E9 8.2991496E8 9.85714254E8 9.57470802E8 8.57570574E8 9.52608502E8 7.96191184E8 9.81003746E8 1.01481485E9 
8.81033984E8 9.15584232E8 8.59218932E8 9.11988976E8 9.7008519E8 1.0598849E9 1.054549408E9 8.31643344E8 9.9486409E8 9.46995608E8 8.60111914E8 9.58780956E8 7.94856128E8 9.76865258E8 1.015046228E9 
8.840927E8 9.15183006E8 8.61160748E8 8.9769303E8 9.62000862E8 1.070805604E9 1.047591326E9 8.41959412E8 9.80572922E8 9.36000328E8 8.52797112E8 9.64836862E8 7.9699514E8 9.71651922E8 1.015588544E9 
8.84660666E8 9.1923688E8 8.7079246E8 8.98219166E8 9.49883664E8 1.062023794E9 1.050860142E9 8.48623128E8 9.79731606E8 9.39603334E8 8.53569322E8 9.62743348E8 7.95115814E8 9.72824398E8 1.016323652E9 
8.8678635E8 9.1495104E8 8.59875658E8 8.99397684E8 9.58639328E8 1.0687518E9 1.051256608E9 8.38134358E8 9.80437198E8 9.40947178E8 8.50088906E8 9.58865452E8 8.09456518E8 9.79719382E8 1.016362284E9 
8.88253838E8 9.19231082E8 8.63877388E8 8.9607963E8 9.50111604E8 1.06945216E9 1.052923232E9 8.38309994E8 9.8161792E8 9.40141788E8 8.52250096E8 9.59685942E8 8.0815044E8 9.75820536E8 1.016719212E9 
8.76793204E8 9.16607576E8 8.6542775E8 9.12202662E8 9.88546376E8 1.055110756E9 1.047888902E9 8.30114604E8 9.89084638E8 9.57228576E8 8.54996966E8 9.55701406E8 7.98858222E8 9.76425034E8 1.016873718E9 
8.80777322E8 8.86977162E8 8.4699447E8 9.34225354E8 9.9362944E8 1.04976537E9 1.076301998E9 8.248037E8 9.75767532E8 9.82824542E8 8.65865264E8 9.99210976E8 8.00630224E8 9.57941874E8 1.017006328E9 
8.80537464E8 9.15482176E8 8.62268276E8 9.07663566E8 9.6728137E8 1.055892896E9 1.055096804E9 8.27477804E8 9.94753768E8 9.56395044E8 8.52444764E8 9.54182822E8 7.98921778E8 9.82344288E8 1.017757636E9 
8.9992343E8 9.23751656E8 8.70089906E8 8.95706238E8 9.50495242E8 1.071518928E9 1.049590834E9 8.55766968E8 9.76553898E8 9.31833728E8 8.63263612E8 9.56273656E8 7.90123576E8 9.80055988E8 1.018181584E9 
8.80918216E8 9.09185818E8 8.76889602E8 9.03949126E8 9.49351178E8 1.072474764E9 1.057784628E9 8.28300446E8 9.82776508E8 9.33156066E8 8.49821594E8 9.57354924E8 8.07981656E8 9.77538236E8 1.01820718E9 
8.82065582E8 9.15179278E8 8.64450398E8 9.15173382E8 9.7971047E8 1.05494452E9 1.050759966E9 8.29072858E8 9.90518264E8 9.57912624E8 8.52266844E8 9.53784332E8 7.98130142E8 9.79143464E8 1.01829319E9 
8.86471508E8 9.17195618E8 8.64822112E8 9.00307192E8 9.50002016E8 1.065167222E9 1.053416542E9 8.43065966E8 9.82537172E8 9.36655412E8 8.50698752E8 9.6295963E8 8.01025286E8 9.77968138E8 1.018394574E9 
9.00478108E8 9.16610824E8 8.6561436E8 9.03963776E8 9.5830882E8 1.06506535E9 1.05208125E9 8.37804212E8 9.7726389E8 9.38774118E8 8.6113698E8 9.54842276E8 7.98540018E8 9.78847032E8 1.018551674E9 
8.78107422E8 9.17376842E8 8.70758956E8 9.0117193E8 9.6915875E8 1.066348238E9 1.048126254E9 8.42575726E8 9.75859462E8 9.4015046E8 8.52130466E8 9.57177606E8 8.00305546E8 9.7991004E8 1.0187968E9 
8.7950329E8 9.15932264E8 8.7160136E8 8.97811814E8 9.54760446E8 1.06003911E9 1.05460394E9 8.5036246E8 9.83344356E8 9.46140314E8 8.49198678E8 9.62034218E8 7.97970358E8 9.71837854E8 1.01897253E9 
8.85845664E8 9.1610223E8 8.6400387E8 8.9949864E8 9.48925048E8 1.068475728E9 1.05401359E9 8.4406055E8 9.83838832E8 9.34473976E8 8.51016262E8 9.6361635E8 7.99458876E8 9.75700536E8 1.019123376E9 
9.11277086E8 9.68217244E8 8.3284177E8 9.31954728E8 9.92480144E8 1.049247736E9 1.083497958E9 8.39247504E8 9.5841356E8 9.26434388E8 8.43357002E8 9.24776888E8 8.38832426E8 9.68573962E8 1.019131168E9 
8.8459068E8 9.1611627E8 8.63742324E8 8.99083684E8 9.50036466E8 1.07165557E9 1.052919124E9 8.45675746E8 9.82607672E8 9.35920072E8 8.50804232E8 9.63691364E8 7.98012622E8 9.76956076E8 1.019238952E9 
8.85170892E8 9.16640332E8 8.64830978E8 8.99399814E8 9.49679428E8 1.069215238E9 1.054462872E9 8.46397628E8 9.82321396E8 9.3519307E8 8.50041348E8 9.62999426E8 7.98472482E8 9.76740634E8 1.019472798E9 
8.81991798E8 9.1644836E8 8.72123106E8 8.97507968E8 9.54788732E8 1.067101908E9 1.048684348E9 8.52606374E8 9.8040108E8 9.41880992E8 8.48230174E8 9.62152042E8 7.958448E8 9.73518898E8 1.01948019E9 
8.86325756E8 9.18378114E8 8.63110354E8 9.00569352E8 9.4843614E8 1.061172294E9 1.05592537E9 8.4071108E8 9.83251602E8 9.3223474E8 8.55314932E8 9.64718188E8 7.99903252E8 9.73593384E8 1.019512438E9 
8.89070726E8 9.1544258E8 8.6430137E8 8.93832372E8 9.72850416E8 1.069083336E9 1.045594146E9 8.51010866E8 9.77559218E8 9.34071266E8 8.61661906E8 9.65501962E8 7.98802174E8 9.72637054E8 1.019750296E9 
8.83177882E8 9.16204038E8 8.64270598E8 8.96929624E8 9.52069726E8 1.058095634E9 1.0611038E9 8.46350166E8 9.84901066E8 9.470643E8 8.47465194E8 9.60200186E8 8.043602E8 9.70615748E8 1.01983765E9 
8.80995776E8 9.12041978E8 8.64621782E8 9.0706616E8 9.75559884E8 1.060731438E9 1.049894132E9 8.31417828E8 9.9316749E8 9.5986434E8 8.44900206E8 9.5742665E8 7.94226182E8 9.80586138E8 1.019939584E9 
8.8263403E8 9.1770334E8 8.5808284E8 8.98873742E8 9.55917384E8 1.064395722E9 1.058949048E9 8.46348918E8 9.81570878E8 9.50646608E8 8.4766393E8 9.61228656E8 8.03400616E8 9.73608378E8 1.020021088E9 
8.82403758E8 9.17276698E8 8.68545314E8 8.97316578E8 9.55396518E8 1.07032906E9 1.047161354E9 8.50668712E8 9.79837272E8 9.41719118E8 8.49468494E8 9.62909128E8 7.95729042E8 9.74952708E8 1.020135592E9 
8.77690494E8 9.15959524E8 8.6788133E8 9.1271714E8 9.7959055E8 1.055979972E9 1.050486526E9 8.29059888E8 9.8801029E8 9.5768781E8 8.52792306E8 9.5381044E8 7.93787698E8 9.82419702E8 1.020162174E9 
8.82514662E8 9.10543992E8 8.649472E8 9.08873896E8 9.77088724E8 1.063714834E9 1.048141302E9 8.28859804E8 9.93252882E8 9.58661084E8 8.46107916E8 9.57533084E8 7.9684478E8 9.79648226E8 1.020637566E9 
8.82843606E8 9.15468248E8 8.75984166E8 8.98261722E8 9.47007046E8 1.059076368E9 1.050849E9 8.45870292E8 9.8612709E8 9.38816986E8 8.50864028E8 9.6116572E8 8.01380252E8 9.73729036E8 1.020806558E9 
8.83243556E8 9.1000298E8 8.63950776E8 9.07424632E8 9.77704778E8 1.052629398E9 1.050022666E9 8.36839072E8 9.938752E8 9.69776246E8 8.52688014E8 9.57268208E8 7.9806702E8 9.7364735E8 1.021216558E9 
8.89202324E8 9.19260674E8 8.6067906E8 9.05558486E8 9.5019434E8 1.060634382E9 1.056016524E9 8.41066804E8 9.83883726E8 9.3247652E8 8.53364524E8 9.61809578E8 7.97641124E8 9.75126766E8 1.021415934E9 
8.79841556E8 9.15214936E8 8.59997114E8 9.091334E8 9.75789786E8 1.057025172E9 1.054226932E9 8.2719882E8 9.93359722E8 9.58309534E8 8.49213186E8 9.55794232E8 7.9723852E8 9.82765226E8 1.021484318E9 
8.87536192E8 9.1600015E8 8.59532204E8 8.9983734E8 9.4863034E8 1.064708756E9 1.05909383E9 8.39816834E8 9.84434724E8 9.37974232E8 8.51766714E8 9.6317532E8 8.0320309E8 9.73526108E8 1.021507452E9 
8.80378434E8 8.95219544E8 8.63161206E8 9.02110992E8 9.43398168E8 1.069459868E9 1.03509388E9 8.83474292E8 9.9750934E8 9.54160246E8 8.41197668E8 1.02582613E9 7.9822947E8 9.7475837E8 1.021508716E9 
8.88318432E8 9.20028928E8 8.5964496E8 9.03309226E8 9.46814122E8 1.063311304E9 1.064264778E9 8.41843764E8 9.82171552E8 9.37879898E8 8.49053504E8 9.58910492E8 8.02499092E8 9.7869982E8 1.021541296E9 
8.84451714E8 9.1701787E8 8.68772448E8 8.99257648E8 9.45612992E8 1.067910708E9 1.055557702E9 8.42372896E8 9.8170704E8 9.33512992E8 8.51794814E8 9.6347992E8 7.9754351E8 9.76972656E8 1.021608528E9 
8.79928286E8 9.15469996E8 8.60072114E8 9.09034262E8 9.75939396E8 1.057318304E9 1.054273488E9 8.27050716E8 9.93128478E8 9.58215052E8 8.49033528E8 9.55796376E8 7.97315304E8 9.82655296E8 1.021619944E9 
8.82194704E8 9.15980126E8 8.6254545E8 9.08934738E8 9.5771395E8 1.061925768E9 1.052134092E9 8.40800566E8 9.80662914E8 9.418086E8 8.51528164E8 9.59056358E8 8.04152032E8 9.77126482E8 1.021798484E9 
8.81569476E8 9.17042224E8 8.60350398E8 8.9936609E8 9.54182888E8 1.063892188E9 1.058816592E9 8.47284738E8 9.80930408E8 9.49789576E8 8.4742445E8 9.61640916E8 8.01359732E8 9.72677264E8 1.021817768E9 
8.81263394E8 9.174343E8 8.6036437E8 8.99382554E8 9.54502596E8 1.06381298E9 1.059301388E9 8.47201022E8 9.80557886E8 9.4951664E8 8.47427046E8 9.61233588E8 8.01175716E8 9.73372982E8 1.02184502E9 
8.81426768E8 9.18376516E8 8.75292532E8 8.97478336E8 9.5217104E8 1.064145016E9 1.051733418E9 8.4820776E8 9.7959439E8 9.41314886E8 8.50381644E8 9.60460946E8 7.96511236E8 9.74707974E8 1.022073414E9 
8.84567114E8 9.16461662E8 8.64248904E8 9.01774416E8 9.52839662E8 1.0684217E9 1.05401158E9 8.42139844E8 9.7961903E8 9.34623734E8 8.48772776E8 9.61067922E8 7.99963528E8 9.82546246E8 1.022225684E9 
8.81954448E8 9.18014076E8 8.74075982E8 8.97423386E8 9.51344594E8 1.06662035E9 1.049663458E9 8.47919206E8 9.78511092E8 9.3956984E8 8.50311104E8 9.62827538E8 7.95158038E8 9.7503164E8 1.022561234E9 
8.87566134E8 9.17557894E8 8.62844638E8 9.0571232E8 9.4644171E8 1.067404502E9 1.063761632E9 8.42482078E8 9.78395274E8 9.36877826E8 8.47392192E8 9.58559246E8 7.97485332E8 9.8266776E8 1.022831312E9 
8.89204882E8 9.15191262E8 8.63311E8 8.97179488E8 9.5099683E8 1.061861602E9 1.050680536E9 8.40677398E8 9.83710318E8 9.42242118E8 8.45908834E8 9.59861526E8 8.04293882E8 9.72380608E8 1.02287832E9 
8.83433888E8 9.18371898E8 8.68133978E8 8.96923594E8 9.48742036E8 1.061615968E9 1.052322902E9 8.4318363E8 9.81627472E8 9.36977294E8 8.52591962E8 9.60746772E8 7.98510232E8 9.75522454E8 1.02312837E9 
8.85599186E8 9.18801138E8 8.68040844E8 8.9983834E8 9.4875457E8 1.060477646E9 1.055266176E9 8.47428282E8 9.80296106E8 9.35665026E8 8.4547046E8 9.58018022E8 8.02443302E8 9.7860869E8 1.023555966E9 
8.81103908E8 9.15564296E8 8.66888682E8 9.02607768E8 9.559408E8 1.054782378E9 1.051954136E9 8.48287794E8 9.80870106E8 9.45752702E8 8.45334778E8 9.60922782E8 8.00597774E8 9.72483602E8 1.023558738E9 
8.81495986E8 9.14610516E8 8.61956174E8 9.03444386E8 9.52271898E8 1.065716426E9 1.05725835E9 8.41049278E8 9.80829176E8 9.38510152E8 8.49955514E8 9.62856294E8 7.98757172E8 9.81745462E8 1.023682902E9 
8.82706836E8 9.15577856E8 8.68140146E8 9.00824154E8 9.54416086E8 1.054988374E9 1.052509842E9 8.48654272E8 9.80729472E8 9.45975406E8 8.45885454E8 9.60744692E8 8.00174244E8 9.71221572E8 1.02399103E9 
8.8418051E8 9.15072706E8 8.65388346E8 9.0824326E8 9.56774142E8 1.062101818E9 1.054221114E9 8.40862982E8 9.79498774E8 9.39443826E8 8.50536674E8 9.56912564E8 8.04815468E8 9.79422954E8 1.024115594E9 
8.78082246E8 9.1623172E8 8.7224184E8 8.99803548E8 9.56020584E8 1.060535572E9 1.050423214E9 8.4584266E8 9.80638882E8 9.42157336E8 8.47359374E8 9.5922576E8 7.99615654E8 9.7643821E8 1.024381514E9 
8.82697496E8 9.13489312E8 8.6676912E8 9.03995356E8 9.5575847E8 1.059738248E9 1.051473148E9 8.42826248E8 9.79726498E8 9.40916068E8 8.47898528E8 9.6023807E8 8.01397952E8 9.75980466E8 1.025136854E9 
8.79017054E8 9.15733826E8 8.6874711E8 9.0272502E8 9.57673692E8 1.06497942E9 1.049630854E9 8.45357466E8 9.79213566E8 9.43981252E8 8.48877634E8 9.61389824E8 7.9809592E8 9.78618776E8 1.026033214E9 
8.8506834E8 9.13483268E8 8.70427046E8 9.00317652E8 9.47793552E8 1.053966196E9 1.046936246E9 8.45822634E8 9.8566936E8 9.42535826E8 8.49407054E8 9.61886004E8 8.04096704E8 9.71878846E8 1.026176454E9 
8.87176898E8 9.02505326E8 8.69239822E8 8.83392262E8 9.31177128E8 1.069864606E9 1.042082826E9 8.7121062E8 9.90524104E8 9.50002284E8 8.50374248E8 1.013384912E9 7.91653284E8 9.53532894E8 1.027869922E9 
8.77878036E8 9.12127274E8 8.73701378E8 8.98813336E8 9.53351646E8 1.064093598E9 1.050325192E9 8.49561996E8 9.8269143E8 9.46303994E8 8.4966571E8 9.65074974E8 7.97378078E8 9.71511058E8 1.029293406E9 
8.78325406E8 9.1326369E8 8.73194354E8 8.99144618E8 9.53487754E8 1.063846544E9 1.050470528E9 8.49176822E8 9.80923266E8 9.45528418E8 8.48593006E8 9.62761882E8 7.96562912E8 9.75018452E8 1.029582662E9 
8.71009208E8 8.96483404E8 8.5852362E8 8.89149828E8 9.49759532E8 1.074825476E9 1.086080208E9 8.78389978E8 9.81180458E8 9.65756922E8 8.37721692E8 1.018201984E9 7.92597886E8 9.48530492E8 1.03113854E9 
8.80294506E8 8.98301158E8 8.6176217E8 8.83313768E8 9.43458864E8 1.071303734E9 1.050860888E9 8.69837076E8 9.92319114E8 9.57074452E8 8.4036432E8 1.01084009E9 7.96386102E8 9.5888345E8 1.034183468E9 
8.83405538E8 8.98233226E8 8.69578128E8 8.78740588E8 9.33445582E8 1.069700912E9 1.043104774E9 8.71052816E8 9.95475122E8 9.58421672E8 8.43587352E8 1.012631052E9 8.00810704E8 9.53435234E8 1.03561317E9 
8.85957012E8 9.00374528E8 8.67831802E8 8.77621908E8 9.32399868E8 1.069154072E9 1.041966216E9 8.69384174E8 9.9543506E8 9.56333388E8 8.43425998E8 1.011501238E9 8.01903172E8 9.5710937E8 1.036214268E9 
8.78755896E8 8.99930868E8 8.67527744E8 8.79761762E8 9.41613098E8 1.073168384E9 1.05026454E9 8.71800274E8 9.89885142E8 9.55203042E8 8.39801018E8 1.008569684E9 7.94215554E8 9.61618672E8 1.03732802E9 
9.09909748E8 9.3706948E8 8.55531158E8 9.14243274E8 9.4768198E8 1.092080238E9 1.053031404E9 8.57830492E8 9.67426252E8 9.20942368E8 8.40884582E8 9.3336543E8 8.20488684E8 9.44357124E8 1.04329046E9 
8.82497962E8 9.00467066E8 8.75640024E8 8.9830461E8 9.2991714E8 1.07952599E9 1.041047744E9 8.6715717E8 9.91469698E8 9.50774016E8 8.45685206E8 1.005318066E9 7.91146998E8 9.63023842E8 1.044881654E9 
8.7556654E8 9.0203616E8 8.718505E8 8.9051228E8 9.41435024E8 1.066768648E9 1.04159177E9 8.75158056E8 9.91965698E8 9.60459096E8 8.37555116E8 1.012822202E9 7.95252108E8 9.63754306E8 1.045265936E9 
8.71655708E8 8.9808719E8 8.80378622E8 8.97596584E8 9.53404802E8 1.064278758E9 1.064393154E9 8.39923388E8 1.011236884E9 9.5552482E8 8.29770536E8 9.88172154E8 7.89340778E8 9.63990696E8 1.04605475E9 
8.80113746E8 9.36767966E8 8.64365244E8 9.09934474E8 9.76218132E8 1.058997752E9 1.032219228E9 8.18574546E8 9.75364974E8 9.35519666E8 8.19313672E8 9.6871066E8 8.3696011E8 9.71853804E8 1.048669678E9 
9.24252008E8 9.12050294E8 8.48035412E8 9.531483E8 1.009014488E9 1.02804232E9 1.078957244E9 8.21967592E8 9.49236452E8 9.3416858E8 8.48233502E8 9.14208218E8 8.4021164E8 9.71733372E8 1.050779986E9 
9.0228597E8 9.40230904E8 8.63414834E8 9.1826015E8 9.49822276E8 1.095293758E9 1.045784488E9 8.79311626E8 9.6109825E8 9.22720508E8 8.44273366E8 9.31965414E8 8.03736724E8 9.45857552E8 1.052307894E9 
8.88323692E8 9.6432078E8 8.61508416E8 9.28082862E8 9.8769096E8 1.052490636E9 1.036472168E9 8.11187328E8 9.67876976E8 9.27727318E8 8.2869851E8 9.44881676E8 8.50556084E8 9.78884496E8 1.052728454E9 
9.01488144E8 9.3467565E8 8.66809636E8 9.22065338E8 9.46947554E8 1.088863848E9 1.04824598E9 8.64496606E8 9.59303936E8 9.1695302E8 8.41328998E8 9.29794858E8 8.1073114E8 9.44429254E8 1.05344466E9 
9.04086592E8 9.22594174E8 8.70713398E8 9.55880708E8 9.41976548E8 1.104869018E9 1.04026813E9 8.96023362E8 9.41653156E8 8.80124876E8 8.35076386E8 9.08453792E8 7.94289772E8 9.62193768E8 1.104402124E9 


