#Tue May 14 16:26:48 EST 2013
mating_pool=80
mutation_dist=3
algo_name=Z
stopping_criterion=1000000
comparator=multiObjective.ZScoreComparator
sol_type=solver.mosolver.RWZSolution
algo_type=solver.mosolver.GenericNoDuplicatesMOGA
logging=false
rand_seed_for_pop=888
desired_solutions=5,10,15
problemfile=50fac5to20obj\\\\50fac15obj.txt
o=2
HV_sample=100000
runs=30
k=10
rand_seed=clock
problemtype=MOQAP
tournament_size=2
vads=true
mutation_prob=0.1
reweighting_interval=100
c=8
crossover_prob=0.01
delta=10
targets=50
population=100
Used function evaluations: 1000000

Complete Population
9.01287846E8 8.65015482E8 8.93864134E8 9.62341844E8 9.76275624E8 1.039947686E9 1.011460404E9 8.29666654E8 8.7464727E8 9.86351904E8 8.27968376E8 9.40572466E8 8.09737192E8 1.012408884E9 1.052599814E9 
9.01282234E8 8.64734062E8 8.94113392E8 9.62407914E8 9.7625851E8 1.039901886E9 1.011718006E9 8.29400562E8 8.7477718E8 9.86420152E8 8.27929128E8 9.40193348E8 8.09691898E8 1.012443644E9 1.052843672E9 
9.01305118E8 8.64832068E8 8.93931914E8 9.62261056E8 9.76189528E8 1.040012178E9 1.011691934E9 8.29555244E8 8.74851558E8 9.86108758E8 8.27953602E8 9.40329074E8 8.09566138E8 1.012453394E9 1.052859378E9 
8.98715342E8 8.80275122E8 8.87513404E8 9.5872291E8 9.71997648E8 1.041047262E9 1.009691274E9 8.20297968E8 8.60508092E8 9.81695634E8 8.21198104E8 9.5049129E8 8.28975126E8 1.011712982E9 1.053386664E9 
8.88925422E8 8.63683912E8 8.86715756E8 9.7658104E8 9.7508911E8 1.032866968E9 1.034848118E9 8.15374364E8 8.70475824E8 1.011376308E9 8.42124346E8 9.45661028E8 7.93315446E8 9.8855761E8 1.06579424E9 
8.8827236E8 8.62506674E8 8.8716371E8 9.76641704E8 9.72748276E8 1.03256859E9 1.034537066E9 8.1558807E8 8.70574222E8 1.012262872E9 8.42258566E8 9.46405456E8 7.93823964E8 9.90200804E8 1.066396368E9 
8.88341694E8 8.62584888E8 8.87098558E8 9.76569202E8 9.72847744E8 1.032430388E9 1.03448985E9 8.15556322E8 8.7057567E8 1.012191636E9 8.42277926E8 9.46417646E8 7.93876678E8 9.90129744E8 1.066400882E9 
8.88278516E8 8.6249022E8 8.87143194E8 9.76576702E8 9.72745348E8 1.032554388E9 1.034509848E9 8.15598618E8 8.70630832E8 1.012298842E9 8.4229201E8 9.4640521E8 7.93879456E8 9.90144182E8 1.066426214E9 
8.8834785E8 8.62568434E8 8.87078042E8 9.765042E8 9.72844816E8 1.032416186E9 1.034462632E9 8.1556687E8 8.7063228E8 1.012227606E9 8.4231137E8 9.464174E8 7.9393217E8 9.90073122E8 1.066430728E9 
8.88368038E8 8.62458848E8 8.87115172E8 9.76578632E8 9.72898694E8 1.032487866E9 1.034507962E9 8.15480284E8 8.70577888E8 1.012179124E9 8.42374044E8 9.46366604E8 7.93876464E8 9.90186548E8 1.066445646E9 
8.88406018E8 8.62675282E8 8.86955886E8 9.76623028E8 9.72815102E8 1.03248694E9 1.034577162E9 8.15600534E8 8.70504226E8 1.011986446E9 8.4220149E8 9.46440676E8 7.93699134E8 9.90227352E8 1.06646969E9 
8.88375994E8 8.62442394E8 8.8709452E8 9.7651359E8 9.7289576E8 1.032473514E9 1.034481304E9 8.1549083E8 8.70632808E8 1.012232328E9 8.42411596E8 9.4636535E8 7.93932052E8 9.90129936E8 1.06647482E9 
8.88280388E8 8.6237754E8 8.87056668E8 9.76401816E8 9.72699228E8 1.032596356E9 1.03448712E9 8.1560256E8 8.70613198E8 1.012389954E9 8.42521112E8 9.46540422E8 7.93619498E8 9.90256096E8 1.066489554E9 
8.88306102E8 8.62456982E8 8.87123068E8 9.76632494E8 9.72826678E8 1.032644272E9 1.034724518E9 8.15447938E8 8.70602248E8 1.012248718E9 8.4216052E8 9.46370616E8 7.9372873E8 9.90231256E8 1.066500964E9 
8.88412174E8 8.62658394E8 8.8693508E8 9.76584574E8 9.72812174E8 1.032487848E9 1.034552184E9 8.15611138E8 8.7056241E8 1.012020966E9 8.42236176E8 9.46432202E8 7.93752458E8 9.90183752E8 1.066502366E9 
8.88432362E8 8.62549242E8 8.869725E8 9.76632458E8 9.72866052E8 1.032544418E9 1.034595274E9 8.15524496E8 8.70506444E8 1.011973934E9 8.42297608E8 9.46389634E8 7.9369892E8 9.90284156E8 1.066514454E9 
8.88288304E8 8.62361086E8 8.87038054E8 9.76336886E8 9.72696292E8 1.032567078E9 1.034450504E9 8.1561285E8 8.70668182E8 1.012445294E9 8.42559446E8 9.46534952E8 7.93675016E8 9.90202232E8 1.066518434E9 
8.88311578E8 8.62447954E8 8.87102586E8 9.76581592E8 9.72825226E8 1.032646342E9 1.034696954E9 8.15445864E8 8.70660456E8 1.01228522E9 8.42195352E8 9.46369472E8 7.93791508E8 9.90187696E8 1.066530878E9 
8.88440318E8 8.62532354E8 8.86951558E8 9.76593964E8 9.72863118E8 1.032545176E9 1.034570856E9 8.15535098E8 8.70562938E8 1.012025688E9 8.42336402E8 9.46380152E8 7.9375234E8 9.90240566E8 1.066546458E9 
8.88344712E8 8.62467934E8 8.86913996E8 9.76455642E8 9.72666586E8 1.032652908E9 1.034574432E9 8.15646772E8 8.70541754E8 1.012184764E9 8.42444676E8 9.46563452E8 7.93441954E8 9.90353704E8 1.066558362E9 
8.88351636E8 8.62579102E8 8.87001648E8 9.7664486E8 9.72715028E8 1.032498016E9 1.034644664E9 8.15678914E8 8.70541554E8 1.011875636E9 8.42193084E8 9.46437634E8 7.93643158E8 9.90286714E8 1.066559714E9 
8.8831826E8 8.62531198E8 8.86905036E8 9.7640871E8 9.72545748E8 1.032770206E9 1.034660898E9 8.15644582E8 8.70541856E8 1.01204395E9 8.42460686E8 9.46691366E8 7.934258E8 9.90318526E8 1.066560412E9 
8.88335294E8 8.62706852E8 8.8702402E8 9.76380708E8 9.72669666E8 1.032499044E9 1.034479838E9 8.15647904E8 8.70671674E8 1.012173836E9 8.4223904E8 9.46679908E8 7.93852256E8 9.90106474E8 1.066568008E9 
8.88352628E8 8.62451046E8 8.86895092E8 9.7641726E8 9.7266365E8 1.03263874E9 1.034540056E9 8.15657118E8 8.70598312E8 1.012238654E9 8.42484252E8 9.46549754E8 7.93495304E8 9.90312862E8 1.066590072E9 
8.88357792E8 8.62562214E8 8.86980842E8 9.76606406E8 9.727121E8 1.032498924E9 1.034619686E9 8.15689518E8 8.70599738E8 1.011910156E9 8.4222777E8 9.4642916E8 7.93696482E8 9.90243114E8 1.06659239E9 
8.88321054E8 8.62439016E8 8.87103678E8 9.76581824E8 9.72826072E8 1.032517146E9 1.034744804E9 8.1549457E8 8.70641024E8 1.012066672E9 8.42171474E8 9.46379764E8 7.93725468E8 9.90219558E8 1.066595502E9 
8.8837798E8 8.62453062E8 8.87018262E8 9.7665429E8 9.72765978E8 1.032555494E9 1.034662776E9 8.15602876E8 8.70543772E8 1.011863124E9 8.42289202E8 9.46386592E8 7.93642944E8 9.90343518E8 1.066604478E9 
8.8832653E8 8.62429988E8 8.87083196E8 9.76530922E8 9.7282462E8 1.032519216E9 1.03471724E9 8.15492496E8 8.70699232E8 1.012103174E9 8.42206306E8 9.4637862E8 7.93788246E8 9.90175998E8 1.066625416E9 
8.88385936E8 8.62436174E8 8.8699732E8 9.76615796E8 9.72763044E8 1.032556252E9 1.034638358E9 8.15613478E8 8.70600266E8 1.011914878E9 8.42327996E8 9.4637711E8 7.93696364E8 9.90299928E8 1.066636482E9 
8.88261964E8 8.62653344E8 8.8706329E8 9.76570914E8 9.72683588E8 1.032679616E9 1.034668512E9 8.15493872E8 8.70657252E8 1.012107506E9 8.42067444E8 9.46522262E8 7.93773032E8 9.90187964E8 1.066639168E9 
8.88347398E8 8.62312976E8 8.87120292E8 9.76591254E8 9.72877022E8 1.032574624E9 1.034762916E9 8.15418532E8 8.70643242E8 1.01205416E9 8.42267592E8 9.46328722E8 7.93725254E8 9.90276362E8 1.066640266E9 
8.88316864E8 8.62715446E8 8.86998138E8 9.76497856E8 9.72783006E8 1.032523112E9 1.034619886E9 8.1546946E8 8.70658724E8 1.012036298E9 8.42076584E8 9.46535468E8 7.9382541E8 9.90115336E8 1.066643294E9 
8.8824752E8 8.62662194E8 8.87002468E8 9.7648996E8 9.7270624E8 1.032560348E9 1.034505922E9 8.15645798E8 8.70515188E8 1.012124088E9 8.42189922E8 9.46682116E8 7.93742358E8 9.90146652E8 1.06664525E9 
8.88290362E8 8.62371762E8 8.86957588E8 9.76482416E8 9.725793E8 1.032656564E9 1.034648252E9 8.15725284E8 8.7057841E8 1.012081028E9 8.4243622E8 9.46559588E8 7.93381858E8 9.90412116E8 1.06664983E9 
8.8826812E8 8.6263689E8 8.87042774E8 9.76505912E8 9.7268066E8 1.032665414E9 1.034641294E9 8.1550442E8 8.70713862E8 1.012143476E9 8.42100888E8 9.46522016E8 7.93828524E8 9.90131342E8 1.066669014E9 
8.88410872E8 8.62484306E8 8.87154734E8 9.76590554E8 9.72664946E8 1.032534762E9 1.03455878E9 8.15457956E8 8.70603106E8 1.012074866E9 8.42338544E8 9.46411944E8 7.93710292E8 9.90258096E8 1.066672714E9 
8.8832302E8 8.62698992E8 8.86977622E8 9.76432854E8 9.72780078E8 1.03250891E9 1.034592668E9 8.15480008E8 8.70715334E8 1.012072268E9 8.42110028E8 9.46535222E8 7.93880902E8 9.90058714E8 1.06667314E9 
8.88255438E8 8.6264574E8 8.86981868E8 9.76424696E8 9.72703526E8 1.032546138E9 1.034478614E9 8.15656342E8 8.7057012E8 1.012169416E9 8.42227412E8 9.46680888E8 7.93797846E8 9.90090148E8 1.06667413E9 
8.88298278E8 8.62354874E8 8.86938684E8 9.76444034E8 9.72576364E8 1.032642396E9 1.034613876E9 8.1573563E8 8.70634968E8 1.012134918E9 8.42475796E8 9.4654589E8 7.93435208E8 9.90371274E8 1.06668154E9 
8.88296356E8 8.62690422E8 8.86986052E8 9.76487476E8 9.72781604E8 1.032636612E9 1.03461032E9 8.15511778E8 8.70642548E8 1.012099484E9 8.42048486E8 9.46613506E8 7.93793276E8 9.90138454E8 1.066685876E9 
8.88195668E8 8.62517678E8 8.87022068E8 9.7636084E8 9.7262289E8 1.0327517E9 1.034617156E9 8.15458468E8 8.70623022E8 1.012234646E9 8.4232047E8 9.46701194E8 7.936422E8 9.90245358E8 1.066687176E9 
8.88418828E8 8.62467852E8 8.87134082E8 9.76525512E8 9.72662012E8 1.03252041E9 1.034532122E9 8.15468502E8 8.70658026E8 1.01212807E9 8.42376096E8 9.4641069E8 7.9376588E8 9.90201484E8 1.066701888E9 
8.88381188E8 8.6280584E8 8.86855466E8 9.76551682E8 9.72750364E8 1.032579664E9 1.034707198E9 8.15513672E8 8.7058728E8 1.011831108E9 8.42000148E8 9.46558498E8 7.93647866E8 9.90212944E8 1.066712102E9 
8.88311844E8 8.62752588E8 8.86859796E8 9.76543786E8 9.72673598E8 1.0326169E9 1.034593234E9 8.1569001E8 8.70443744E8 1.011918898E9 8.42113486E8 9.46705146E8 7.93564814E8 9.9024426E8 1.066714058E9 
8.88203584E8 8.62501224E8 8.87003454E8 9.7629591E8 9.72619954E8 1.032722422E9 1.03458054E9 8.15468758E8 8.70678006E8 1.012289986E9 8.42358804E8 9.46695724E8 7.93697718E8 9.90191494E8 1.066716056E9 
8.8831598E8 8.62475612E8 8.87101632E8 9.76513874E8 9.7269808E8 1.032588532E9 1.034501796E9 8.15597782E8 8.70473014E8 1.012135064E9 8.42326938E8 9.46548412E8 7.9363937E8 9.90218238E8 1.06672274E9 
8.88475196E8 8.625747E8 8.87012062E8 9.7664438E8 9.72632304E8 1.032591314E9 1.034646092E9 8.15502168E8 8.70531662E8 1.011869676E9 8.42262108E8 9.46434974E8 7.93532748E8 9.90355704E8 1.066741522E9 
8.88245968E8 8.62479196E8 8.87160388E8 9.76692236E8 9.72562036E8 1.032677392E9 1.034592748E9 8.15576258E8 8.7051896E8 1.012151918E9 8.42216584E8 9.46452576E8 7.93605444E8 9.90248736E8 1.066742072E9 
8.88184164E8 8.62619922E8 8.8705722E8 9.76558264E8 9.72533208E8 1.03262484E9 1.034539788E9 8.15549016E8 8.70550366E8 1.012195834E9 8.42241328E8 9.46695048E8 7.93610488E8 9.90214314E8 1.066742422E9 
8.88387344E8 8.62788952E8 8.8683466E8 9.76513228E8 9.72747436E8 1.032580572E9 1.03468222E9 8.15524276E8 8.70645464E8 1.011865628E9 8.42034834E8 9.46550024E8 7.9370119E8 9.90169344E8 1.066744778E9 
8.88315312E8 8.62549258E8 8.870946E8 9.76614842E8 9.72648924E8 1.032520888E9 1.03453516E9 8.15551164E8 8.70513348E8 1.0120736E9 8.42236696E8 9.46465742E8 7.936543E8 9.90177716E8 1.06674512E9 
8.88319762E8 8.627357E8 8.86838906E8 9.7650507E8 9.72670884E8 1.0326178E9 1.034568166E9 8.1570061E8 8.7050025E8 1.011962776E9 8.42152218E8 9.4669569E8 7.93618134E8 9.90200778E8 1.066745768E9 
8.88323898E8 8.62459158E8 8.87081032E8 9.7644861E8 9.72695366E8 1.032574322E9 1.034474488E9 8.15608326E8 8.70527946E8 1.012180392E9 8.42364428E8 9.46547184E8 7.93694858E8 9.90161734E8 1.06675162E9 
8.88259992E8 8.62608072E8 8.86879396E8 9.76414666E8 9.72590248E8 1.032808252E9 1.034704468E9 8.1550268E8 8.70551578E8 1.012029456E9 8.42244034E8 9.46724224E8 7.93464656E8 9.90342966E8 1.066755984E9 
8.88192748E8 8.62592256E8 8.8701977E8 9.76604632E8 9.72718516E8 1.03272322E9 1.034663004E9 8.15511042E8 8.70569712E8 1.012093728E9 8.42061714E8 9.46525018E8 7.93716826E8 9.90164388E8 1.066756338E9 
8.88247648E8 8.62654358E8 8.86954618E8 9.76531574E8 9.72817934E8 1.032566716E9 1.034614378E9 8.1548663E8 8.70571184E8 1.01202252E9 8.42070854E8 9.46538224E8 7.93769204E8 9.9009176E8 1.066760464E9 
8.88253886E8 8.62462742E8 8.87139788E8 9.76626972E8 9.72559322E8 1.032663182E9 1.03456544E9 8.15586802E8 8.70573892E8 1.012197246E9 8.42254074E8 9.46451348E8 7.93660932E8 9.90192232E8 1.066770952E9 
8.88192082E8 8.62603468E8 8.8703662E8 9.76493E8 9.72530494E8 1.03261063E9 1.03451248E9 8.1555956E8 8.70605298E8 1.012241162E9 8.42278818E8 9.4669382E8 7.93665976E8 9.9015781E8 1.066771302E9 
8.8832323E8 8.62532804E8 8.87074E8 9.76549578E8 9.7264621E8 1.032506678E9 1.034507852E9 8.15561708E8 8.7056828E8 1.012118928E9 8.42274186E8 9.46464514E8 7.93709788E8 9.90121212E8 1.066774E9 
8.88200666E8 8.62575802E8 8.8699917E8 9.76539368E8 9.72715802E8 1.03270901E9 1.034635696E9 8.15521586E8 8.70624644E8 1.012139056E9 8.42099204E8 9.4652379E8 7.93772314E8 9.90107884E8 1.066785218E9 
8.88255566E8 8.62637904E8 8.86934018E8 9.7646631E8 9.7281522E8 1.032552506E9 1.03458707E9 8.15497174E8 8.70626116E8 1.012067848E9 8.42108344E8 9.46536996E8 7.93824692E8 9.90035256E8 1.066789344E9 
8.88380304E8 8.62566006E8 8.8695896E8 9.765677E8 9.72665438E8 1.032645084E9 1.034589108E9 8.15641994E8 8.7040157E8 1.011929874E9 8.42250502E8 9.46571442E8 7.93461826E8 9.90315846E8 1.066791548E9 
8.88344344E8 8.62718212E8 8.86900938E8 9.7657431E8 9.72639416E8 1.03259957E9 1.03477467E9 8.15585376E8 8.70624558E8 1.011719992E9 8.4201429E8 9.46554716E8 7.93592806E8 9.90275468E8 1.066801518E9 
8.88275E8 8.6266496E8 8.86905268E8 9.76566414E8 9.7256265E8 1.032636806E9 1.034660706E9 8.15761714E8 8.70481022E8 1.011807782E9 8.42127628E8 9.46701364E8 7.93509754E8 9.90306784E8 1.066803474E9 
8.88248488E8 8.62710316E8 8.86914548E8 9.7661209E8 9.72500566E8 1.032681392E9 1.0346271E9 8.15593228E8 8.70478922E8 1.011990644E9 8.42164892E8 9.46718078E8 7.93432944E8 9.90311922E8 1.06681123E9 
8.88379636E8 8.62639652E8 8.86951928E8 9.76668668E8 9.72616282E8 1.03257744E9 1.034622472E9 8.15595376E8 8.70441904E8 1.01186841E9 8.4216026E8 9.46488772E8 7.93476756E8 9.90275324E8 1.066813928E9 
8.88388222E8 8.62549118E8 8.8693807E8 9.76528984E8 9.72662724E8 1.032645984E9 1.03456404E9 8.15652594E8 8.70458076E8 1.011973752E9 8.42289234E8 9.46561986E8 7.93515146E8 9.90272364E8 1.066823258E9 
8.88311972E8 8.62744752E8 8.86811946E8 9.765854E8 9.72785292E8 1.032623268E9 1.03470169E9 8.15530842E8 8.7049974E8 1.01181733E9 8.41994418E8 9.46561254E8 7.9359166E8 9.90189368E8 1.066829272E9 
8.883505E8 8.62701324E8 8.86880132E8 9.76535856E8 9.72636488E8 1.032600478E9 1.034749692E9 8.1559598E8 8.70682742E8 1.011754512E9 8.42048976E8 9.46546242E8 7.9364613E8 9.90231868E8 1.066834194E9 
8.88282918E8 8.62648072E8 8.86884378E8 9.76527698E8 9.72559936E8 1.032637706E9 1.034635638E9 8.15772314E8 8.70537528E8 1.01185166E9 8.4216636E8 9.46691908E8 7.93563074E8 9.90263302E8 1.066835184E9 
8.8818496E8 8.6253844E8 8.87016402E8 9.7649891E8 9.72694058E8 1.032698852E9 1.03461488E9 8.15436466E8 8.70566028E8 1.01215573E9 8.42212502E8 9.46633826E8 7.93622404E8 9.90199944E8 1.066835256E9 
8.8825516E8 8.62560724E8 8.87050502E8 9.76384564E8 9.72674868E8 1.032817448E9 1.034563366E9 8.15564806E8 8.70670504E8 1.012138532E9 8.42160264E8 9.4656797E8 7.93595368E8 9.9019273E8 1.066836134E9 
8.88313762E8 8.62578126E8 8.87002968E8 9.76511274E8 9.7275046E8 1.0326187E9 1.03487481E9 8.15401032E8 8.70724028E8 1.011911028E9 8.4199268E8 9.46496846E8 7.93675116E8 9.90208312E8 1.066837306E9 
8.88244418E8 8.62524874E8 8.87007298E8 9.76503378E8 9.72673694E8 1.032655936E9 1.034760846E9 8.1557737E8 8.70580492E8 1.011998818E9 8.42106018E8 9.46643494E8 7.93592064E8 9.90239628E8 1.066839262E9 
8.88387554E8 8.62622764E8 8.86931038E8 9.76629952E8 9.72613568E8 1.03257834E9 1.034597404E9 8.15605976E8 8.7049841E8 1.011912288E9 8.42198992E8 9.46479316E8 7.93530076E8 9.90231842E8 1.066845638E9 
8.8827971E8 8.62429504E8 8.87119746E8 9.76683026E8 9.72640438E8 1.032753074E9 1.0347802E9 8.15436126E8 8.70546986E8 1.012137764E9 8.42118538E8 9.46417736E8 7.9351021E8 9.90279188E8 1.066846668E9 
8.8822649E8 8.62542564E8 8.86979128E8 9.76595422E8 9.72796918E8 1.032798902E9 1.034850456E9 8.1537091E8 8.70597738E8 1.012079574E9 8.41963668E8 9.46490178E8 7.93621592E8 9.9019484E8 1.066860934E9 
8.8831989E8 8.62727864E8 8.86791056E8 9.76546684E8 9.72782578E8 1.032624168E9 1.034676622E9 8.15541442E8 8.70556246E8 1.011861208E9 8.4203315E8 9.46551798E8 7.9364498E8 9.90145886E8 1.066860982E9 
8.88192878E8 8.62521986E8 8.86995802E8 9.76433646E8 9.72691344E8 1.032684642E9 1.034587572E9 8.1544701E8 8.7062096E8 1.012201058E9 8.42249992E8 9.46632598E8 7.93677892E8 9.9014344E8 1.066864136E9 
8.88166426E8 8.6258525E8 8.86986842E8 9.76386714E8 9.72570506E8 1.03280194E9 1.034674038E9 8.1544482E8 8.70621062E8 1.012060244E9 8.42266002E8 9.46760512E8 7.93661738E8 9.90108262E8 1.066866186E9 
8.88319238E8 8.62569098E8 8.86982486E8 9.76460372E8 9.72749008E8 1.03262077E9 1.034847246E9 8.15398958E8 8.70782236E8 1.01194753E9 8.42027512E8 9.46495702E8 7.93737894E8 9.90164752E8 1.06686722E9 
8.88325922E8 8.6246974E8 8.87005342E8 9.76594442E8 9.72579418E8 1.03265758E9 1.034669476E9 8.15713722E8 8.7043821E8 1.011826148E9 8.4225367E8 9.46567394E8 7.93410424E8 9.903759E8 1.06689301E9 
8.88404996E8 8.62686636E8 8.86922346E8 9.76374986E8 9.72586382E8 1.032692446E9 1.03467275E9 8.15637654E8 8.70717212E8 1.011756356E9 8.4211852E8 9.46590408E8 7.93469318E8 9.902838E8 1.066900668E9 
8.88249284E8 8.62628834E8 8.8687373E8 9.76552736E8 9.72661416E8 1.032755404E9 1.034702192E9 8.15480678E8 8.70494584E8 1.01195054E9 8.42136066E8 9.46656856E8 7.9344486E8 9.90297552E8 1.066904064E9 
8.88325254E8 8.62543386E8 8.8699831E8 9.7669541E8 9.72530262E8 1.032589936E9 1.03470284E9 8.15667104E8 8.70478544E8 1.011764684E9 8.42163428E8 9.46484724E8 7.93425354E8 9.90335378E8 1.06691539E9 
8.88275128E8 8.62657124E8 8.86857418E8 9.76608028E8 9.72674344E8 1.032643174E9 1.034769162E9 8.15602546E8 8.70537018E8 1.011706214E9 8.4200856E8 9.46557472E8 7.935366E8 9.90251892E8 1.066918688E9 
8.88257202E8 8.62611946E8 8.8685284E8 9.7651402E8 9.72658702E8 1.032756304E9 1.034677124E9 8.15491278E8 8.7055109E8 1.011994418E9 8.42174798E8 9.466474E8 7.9349818E8 9.9025407E8 1.066935774E9 
8.88333172E8 8.62526498E8 8.8697742E8 9.76656694E8 9.72527548E8 1.032590836E9 1.034677772E9 8.15677704E8 8.7053505E8 1.011808562E9 8.4220216E8 9.46475268E8 7.93478674E8 9.90291896E8 1.0669471E9 
8.88283046E8 8.62640236E8 8.86836528E8 9.76569312E8 9.7267163E8 1.032644074E9 1.034744094E9 8.15613146E8 8.70593524E8 1.011750092E9 8.42047292E8 9.46548016E8 7.9358992E8 9.9020841E8 1.066950398E9 
8.88294672E8 8.624033E8 8.8710034E8 9.76632374E8 9.72641306E8 1.032609066E9 1.03480298E9 8.1548276E8 8.70578014E8 1.01195572E9 8.42141818E8 9.46426854E8 7.93507664E8 9.90268222E8 1.066951178E9 
8.88244546E8 8.62517038E8 8.86959448E8 9.76544992E8 9.72785388E8 1.032662304E9 1.034869302E9 8.15418202E8 8.70636488E8 1.01189725E9 8.4198695E8 9.46499602E8 7.9361891E8 9.90184736E8 1.066954476E9 
8.8825462E8 8.626321E8 8.86845332E8 9.76597648E8 9.72672942E8 1.032756674E9 1.034759596E9 8.15644864E8 8.70520842E8 1.0117694E9 8.41980462E8 9.4663551E8 7.93504466E8 9.9027501E8 1.06696127E9 
8.88268758E8 8.62572162E8 8.86854488E8 9.76588508E8 9.7262212E8 1.032703644E9 1.034871446E9 8.15612114E8 8.70650304E8 1.011781582E9 8.42043354E8 9.46550126E8 7.93561196E8 9.9023149E8 1.066966334E9 
8.8830191E8 8.62394272E8 8.87079774E8 9.7658121E8 9.72640068E8 1.032611128E9 1.034775326E9 8.15480682E8 8.70634544E8 1.01200158E9 8.42180696E8 9.46424728E8 7.93570438E8 9.9022478E8 1.066980126E9 
8.88251784E8 8.6250801E8 8.86938882E8 9.76493828E8 9.7278415E8 1.032664366E9 1.034841648E9 8.15416124E8 8.70693018E8 1.01194311E9 8.42025828E8 9.46497476E8 7.93681684E8 9.90141294E8 1.066983424E9 
8.88393886E8 8.6246876E8 8.87049586E8 9.76517178E8 9.72438156E8 1.0326289E9 1.034742464E9 8.15675954E8 8.70644132E8 1.011778748E9 8.4228577E8 9.46450904E8 7.93305296E8 9.90349664E8 1.066987896E9 
8.8834376E8 8.62582498E8 8.86908694E8 9.76429796E8 9.72582238E8 1.032682138E9 1.034808786E9 8.15611396E8 8.70702606E8 1.011720278E9 8.42130902E8 9.46523652E8 7.93416542E8 9.90266178E8 1.066991194E9 
8.88224038E8 8.62492014E8 8.86947362E8 9.76534612E8 9.72783986E8 1.032775804E9 1.034859736E9 8.1546052E8 8.70620312E8 1.011960436E9 8.41958852E8 9.4657764E8 7.93586776E8 9.90207854E8 1.066997058E9 
8.8833754E8 8.62625548E8 8.86878648E8 9.7640022E8 9.72630346E8 1.032736068E9 1.034671868E9 8.15654746E8 8.7062965E8 1.011751974E9 8.42106742E8 9.4659958E8 7.93413132E8 9.90266216E8 1.06701784E9 
8.88313166E8 8.6244983E8 8.8702033E8 9.76354552E8 9.72695376E8 1.032703814E9 1.034906688E9 8.15428602E8 8.70810082E8 1.011911792E9 8.42109536E8 9.46465782E8 7.93508236E8 9.90215674E8 1.06702444E9 


