#Tue May 14 08:27:25 EST 2013
mating_pool=80
mutation_dist=3
algo_name=ARMO
stopping_criterion=1000000
comparator=multiObjective.RankingComparator
sol_type=solver.mosolver.MOGASolution
algo_type=solver.mosolver.RankingMOGA
logging=false
rand_seed_for_pop=888
range_subdivisions=10
desired_solutions=5,10,15
problemfile=50fac5to20obj\\\\50fac5obj.txt
o=2
HV_sample=1000
runs=30
k=10
rand_seed=clock
problemtype=MOQAP
tournament_size=2
vads=true
mutation_prob=0.1
reweighting_interval=100
c=8
crossover_prob=0.01
delta=10
population=100
Used function evaluations: 1000000

Complete Population
8.78792396E8 7.45689508E8 8.37899916E8 9.52778502E8 8.47061622E8 
8.80017166E8 7.50224432E8 8.23658404E8 9.51664198E8 8.49145008E8 
8.85724416E8 7.48191542E8 7.61295532E8 1.00892758E9 8.52389824E8 
8.96069156E8 7.11234404E8 7.68007126E8 9.7238065E8 8.5759227E8 
8.96193522E8 7.11177522E8 7.67777526E8 9.72449466E8 8.5763106E8 
8.95546766E8 7.1112849E8 7.68311754E8 9.71998374E8 8.57960886E8 
8.95480802E8 7.11023308E8 7.68223532E8 9.72097758E8 8.5803376E8 
8.9549393E8 7.11015392E8 7.68194136E8 9.72079838E8 8.5804897E8 
8.95467666E8 7.11364074E8 7.68318732E8 9.7189094E8 8.58053462E8 
8.95574386E8 7.11095656E8 7.68187948E8 9.71985272E8 8.58095624E8 
8.95390774E8 7.11052654E8 7.684207E8 9.72098718E8 8.58105648E8 
8.95378414E8 7.11075292E8 7.68440282E8 9.72112072E8 8.58108292E8 
8.95509506E8 7.09535716E8 7.70194124E8 9.72039886E8 8.58123428E8 
8.95456712E8 7.09587854E8 7.70183906E8 9.71959654E8 8.58156812E8 
8.95402082E8 7.09379854E8 7.70189362E8 9.72172506E8 8.58172548E8 
8.9546574E8 7.09612346E8 7.70138524E8 9.71915438E8 8.58186598E8 
8.95449072E8 7.0940098E8 7.70205406E8 9.72147178E8 8.5819996E8 
8.94612482E8 7.1217377E8 7.68324544E8 9.706022E8 8.58514244E8 
8.9461116E8 7.122197E8 7.6834847E8 9.70622184E8 8.58514422E8 
8.94543878E8 7.12320574E8 7.68439206E8 9.70600258E8 8.58549382E8 
8.94518212E8 7.12265112E8 7.68542852E8 9.70635992E8 8.5859518E8 
8.9458575E8 7.121976E8 7.68426584E8 9.7076672E8 8.58595958E8 
8.94519584E8 7.12219034E8 7.68524186E8 9.70609896E8 8.58606282E8 
8.94600972E8 7.12148324E8 7.6829793E8 9.70609366E8 8.58636564E8 
8.94548918E8 7.1226167E8 7.68311622E8 9.70679988E8 8.58755954E8 
8.94677206E8 7.1216232E8 7.68232086E8 9.70920314E8 8.58857566E8 
8.94893552E8 7.1214683E8 7.68291744E8 9.70758198E8 8.58875614E8 
8.88260964E8 7.16267624E8 7.7090392E8 9.71907554E8 8.58996736E8 
8.98272662E8 7.11065042E8 7.7170277E8 9.54621372E8 8.59583838E8 
8.98219792E8 7.10951886E8 7.71599962E8 9.54683568E8 8.59671988E8 
8.98166788E8 7.11097576E8 7.71555294E8 9.54710964E8 8.59720244E8 
8.87606496E8 7.09728792E8 7.8653169E8 9.62075084E8 8.59722246E8 
8.9817655E8 7.11074596E8 7.71534764E8 9.54684704E8 8.59734682E8 
8.98480636E8 7.11015806E8 7.71635662E8 9.54601572E8 8.59748526E8 
8.98303594E8 7.11017254E8 7.7171708E8 9.54501582E8 8.59785246E8 
8.9816149E8 7.11018788E8 7.71505356E8 9.54715726E8 8.5979522E8 
8.98421602E8 7.1105625E8 7.71546194E8 9.5449568E8 8.5989367E8 
8.98403096E8 7.11034804E8 7.71611308E8 9.54525648E8 8.59925586E8 
8.95118924E8 7.10274816E8 7.8010989E8 9.5461748E8 8.60253816E8 
8.95132794E8 7.10275062E8 7.80173384E8 9.54436404E8 8.60281952E8 
8.9724618E8 7.12301638E8 7.71568226E8 9.53364434E8 8.60283026E8 
8.90602796E8 7.14451722E8 7.74229004E8 9.54787912E8 8.60434814E8 
8.90637986E8 7.14392684E8 7.74135166E8 9.54897674E8 8.60436582E8 
8.90571708E8 7.14600582E8 7.74136966E8 9.54672076E8 8.60495186E8 
8.9059977E8 7.14699752E8 7.74097786E8 9.54752564E8 8.60543662E8 
8.90523536E8 7.14771192E8 7.74059282E8 9.54667148E8 8.60557636E8 
8.9057374E8 7.14504488E8 7.74030684E8 9.54927888E8 8.60578764E8 
8.90507688E8 7.14772914E8 7.7411509E8 9.54669078E8 8.60583234E8 
8.90635934E8 7.14409576E8 7.74238954E8 9.5465456E8 8.60615804E8 
8.90627374E8 7.14407266E8 7.74221548E8 9.54648824E8 8.6064361E8 
8.90629228E8 7.1430175E8 7.7413222E8 9.54784198E8 8.60723742E8 
8.90721894E8 7.145082E8 7.74053446E8 9.5465645E8 8.60758014E8 
8.9823288E8 7.10829506E8 7.71220996E8 9.54975606E8 8.60851308E8 
8.9826055E8 7.107792E8 7.71321068E8 9.54921062E8 8.6095922E8 
8.98377514E8 7.10714352E8 7.71102132E8 9.55122984E8 8.61063486E8 
8.92751366E8 7.13131992E8 7.78001518E8 9.52527226E8 8.61091524E8 
8.88370934E8 7.07534534E8 7.8425836E8 9.6001734E8 8.6113552E8 
8.9581294E8 7.0781403E8 7.93494734E8 9.4298742E8 8.61320912E8 
8.93712304E8 7.08745606E8 7.71412356E8 9.5665083E8 8.61889086E8 
8.90917848E8 7.1338889E8 7.68056604E8 9.71944858E8 8.61914142E8 
8.93345594E8 7.08639506E8 7.73880632E8 9.56199382E8 8.62059662E8 
8.93326242E8 7.08580226E8 7.73973894E8 9.56285564E8 8.620649E8 
8.93306728E8 7.08598252E8 7.73978768E8 9.5631553E8 8.62079492E8 
8.93370722E8 7.08740764E8 7.73634928E8 9.56292752E8 8.62178198E8 
8.92907748E8 7.09003426E8 7.73328838E8 9.55447486E8 8.62465922E8 
8.9303017E8 7.08879358E8 7.73513776E8 9.55271316E8 8.624737E8 
8.9315088E8 7.08843062E8 7.73432218E8 9.5526314E8 8.62488444E8 
8.92836758E8 7.09060098E8 7.73331152E8 9.55383534E8 8.62499548E8 
8.92940836E8 7.08851588E8 7.7332562E8 9.55561456E8 8.62508264E8 
8.93087544E8 7.08762986E8 7.7350867E8 9.55207206E8 8.62524008E8 
8.93145192E8 7.08834736E8 7.7344595E8 9.5522434E8 8.62528254E8 
8.92932344E8 7.08867874E8 7.73339366E8 9.5552603E8 8.6253665E8 
8.90109968E8 7.0640963E8 7.89117412E8 9.64789782E8 8.6253805E8 
8.92905924E8 7.09024826E8 7.73232478E8 9.55537914E8 8.6254132E8 
8.92954074E8 7.08952148E8 7.73529142E8 9.55158816E8 8.62547158E8 
8.92922414E8 7.08863274E8 7.7332285E8 9.55535058E8 8.6254771E8 
8.93017136E8 7.08844102E8 7.73510304E8 9.55133506E8 8.62557656E8 
8.92944144E8 7.08947548E8 7.73512626E8 9.55167844E8 8.62558218E8 
8.93053504E8 7.08876982E8 7.733537E8 9.55312452E8 8.62588702E8 
8.92826442E8 7.09097784E8 7.73248538E8 9.55438536E8 8.62603332E8 
8.92861804E8 7.0896995E8 7.73437572E8 9.55256676E8 8.62607584E8 
8.92816512E8 7.09093184E8 7.73232022E8 9.55447564E8 8.62614392E8 
8.92965882E8 7.0876144E8 7.7343204E8 9.55434598E8 8.626163E8 
8.92916398E8 7.08892058E8 7.73409154E8 9.5531782E8 8.62640278E8 
8.93037108E8 7.08855762E8 7.73327596E8 9.55309644E8 8.62655022E8 
8.93020452E8 7.0866968E8 7.73426948E8 9.55373862E8 8.62655184E8 
8.9305168E8 7.08898382E8 7.7325734E8 9.5540288E8 8.626641E8 
8.9291298E8 7.08774792E8 7.73438882E8 9.5536507E8 8.62703276E8 
8.9294438E8 7.08756338E8 7.73418988E8 9.55383242E8 8.62722452E8 
8.93007442E8 7.08648292E8 7.7340015E8 9.55357932E8 8.6273295E8 
8.9293445E8 7.08751738E8 7.73402472E8 9.5539227E8 8.62733512E8 
8.92949704E8 7.08852992E8 7.73370472E8 9.55308994E8 8.62791128E8 
8.94308552E8 7.0835054E8 7.70671196E8 9.64973012E8 8.64139808E8 
8.91405802E8 7.08304092E8 7.73013472E8 9.60417104E8 8.6442615E8 
8.9141648E8 7.08271494E8 7.73021296E8 9.60452374E8 8.64452068E8 
8.91119964E8 7.08015908E8 8.0589687E8 9.51740782E8 8.67933842E8 
8.91163098E8 7.08109218E8 8.0586056E8 9.5169735E8 8.67997074E8 
8.91292788E8 7.05331064E8 7.91241418E8 9.5456888E8 8.71044318E8 
8.90381364E8 7.09612442E8 7.72028482E8 9.56002706E8 8.71602756E8 
8.91146936E8 7.42554118E8 7.65839278E8 9.48815926E8 8.78007216E8 


