#Tue May 14 14:33:01 EST 2013
mating_pool=80
mutation_dist=3
algo_name=Z
stopping_criterion=1000000
comparator=multiObjective.ZScoreComparator
sol_type=solver.mosolver.RWZSolution
algo_type=solver.mosolver.GenericNoDuplicatesMOGA
logging=false
rand_seed_for_pop=888
desired_solutions=5,10,15
problemfile=50fac5to20obj\\\\50fac5obj.txt
o=2
HV_sample=100000
runs=30
k=10
rand_seed=clock
problemtype=MOQAP
tournament_size=2
vads=true
mutation_prob=0.1
reweighting_interval=100
c=8
crossover_prob=0.01
delta=10
targets=50
population=100
Used function evaluations: 1000000

Complete Population
9.0204687E8 7.31747352E8 7.73946444E8 8.93069738E8 8.7660439E8 
9.0208989E8 7.31600882E8 7.73932356E8 8.9310669E8 8.76615782E8 
9.02125758E8 7.31631326E8 7.73892748E8 8.93089168E8 8.76633116E8 
9.02129224E8 7.31524E8 7.73987608E8 8.93143598E8 8.7663646E8 
9.02156428E8 7.31603216E8 7.73925564E8 8.9313412E8 8.76637504E8 
9.02017542E8 7.31695262E8 7.73947332E8 8.93121586E8 8.76646882E8 
9.02144658E8 7.31660548E8 7.73894658E8 8.93116278E8 8.7665003E8 
9.02165092E8 7.31554444E8 7.73948E8 8.93126076E8 8.76653794E8 
9.02100368E8 7.31604402E8 7.73986142E8 8.93092592E8 8.76658766E8 
9.02159158E8 7.31585046E8 7.7396677E8 8.93072602E8 8.76668274E8 
9.01938954E8 7.3174322E8 7.73891846E8 8.93180686E8 8.7666828E8 
9.02026924E8 7.31704774E8 7.7396339E8 8.93021296E8 8.76669744E8 
9.02040788E8 7.31625546E8 7.73962268E8 8.93117194E8 8.76672852E8 
9.01974914E8 7.31773666E8 7.73852922E8 8.93167506E8 8.76673092E8 
9.02136236E8 7.31634846E8 7.73946534E8 8.9307507E8 8.766761E8 
9.02076748E8 7.31655992E8 7.73923344E8 8.93104014E8 8.76677664E8 
9.02063834E8 7.31660348E8 7.73996174E8 8.93066502E8 8.76680102E8 
9.02096428E8 7.3157925E8 7.73888302E8 8.93141056E8 8.76680622E8 
9.02195026E8 7.3161549E8 7.73927162E8 8.9305508E8 8.76685608E8 
9.020076E8 7.31723888E8 7.73920844E8 8.93063862E8 8.76692042E8 
9.02065328E8 7.31628652E8 7.74018674E8 8.93055742E8 8.76693522E8 
9.02135762E8 7.31502368E8 7.73943554E8 8.93177964E8 8.767013E8 
9.02120526E8 7.31667026E8 7.73817788E8 8.93105692E8 8.76710482E8 
9.01875164E8 7.31847436E8 7.73923564E8 8.93086036E8 8.76710862E8 
9.01977914E8 7.3172944E8 7.73993986E8 8.93036142E8 8.76714292E8 
9.01947796E8 7.31762226E8 7.74029898E8 8.9285054E8 8.76718342E8 
9.02086488E8 7.31607862E8 7.73867148E8 8.93083292E8 8.76720768E8 
9.02004882E8 7.31731238E8 7.73889792E8 8.93103652E8 8.76728258E8 
9.0215986E8 7.31590144E8 7.7387304E8 8.931426E8 8.7673116E8 
9.02165696E8 7.31563414E8 7.73922716E8 8.93106968E8 8.76733114E8 
9.02074718E8 7.31665194E8 7.73836242E8 8.9306545E8 8.76733294E8 
9.01945696E8 7.31721588E8 7.73845906E8 8.93219226E8 8.76735136E8 
9.01975254E8 7.31793974E8 7.73987874E8 8.92832934E8 8.76735624E8 
9.0195859E8 7.31748554E8 7.7395144E8 8.93078708E8 8.7673659E8 
9.0204753E8 7.31603914E8 7.73916328E8 8.93155734E8 8.76739708E8 
9.02125822E8 7.3153098E8 7.739224E8 8.931202E8 8.76741446E8 
9.02013172E8 7.31763256E8 7.74020644E8 8.92880694E8 8.7674288E8 
9.02114052E8 7.31588312E8 7.73891494E8 8.93102358E8 8.76753972E8 
9.02014588E8 7.31717092E8 7.74043126E8 8.92869842E8 8.76756302E8 
9.01987654E8 7.3168131E8 7.7393779E8 8.9301542E8 8.76757396E8 
9.01935644E8 7.31750202E8 7.73827322E8 8.9316163E8 8.76760744E8 
9.02096966E8 7.31611382E8 7.73920934E8 8.93069194E8 8.76763752E8 
9.02037478E8 7.31632528E8 7.73897744E8 8.93098138E8 8.76765316E8 
9.02071628E8 7.3169169E8 7.73845814E8 8.9312037E8 8.76769568E8 
9.02155756E8 7.31592026E8 7.73901562E8 8.93049204E8 8.7677326E8 
9.0182441E8 7.31936314E8 7.73948048E8 8.92911272E8 8.767756E8 
9.01882664E8 7.31735398E8 7.73902256E8 8.93122612E8 8.76777438E8 
9.01926244E8 7.3181864E8 7.7401847E8 8.9284778E8 8.76780172E8 
9.02026058E8 7.31605188E8 7.73993074E8 8.93049866E8 8.76781174E8 
9.01927548E8 7.3176586E8 7.73865126E8 8.93109252E8 8.7678225E8 
9.01945928E8 7.317419E8 7.73985862E8 8.92884836E8 8.76783122E8 
9.02143986E8 7.31649358E8 7.73870656E8 8.93031362E8 8.76785786E8 
9.01923782E8 7.31807532E8 7.73795732E8 8.93139446E8 8.76785792E8 
9.02042372E8 7.3177053E8 7.7402233E8 8.92799192E8 8.7678792E8 
9.02025616E8 7.31689858E8 7.73866154E8 8.93075954E8 8.76790364E8 
9.02011624E8 7.31709606E8 7.73843852E8 8.93142192E8 8.76795114E8 
9.01835894E8 7.31823972E8 7.73897964E8 8.9308016E8 8.76798514E8 
9.01938644E8 7.31705976E8 7.73968386E8 8.93030266E8 8.76801944E8 
9.02023832E8 7.31540842E8 7.7402793E8 8.93096028E8 8.76802688E8 
9.02053764E8 7.31644158E8 7.7397226E8 8.92979124E8 8.76812794E8 
9.01970026E8 7.31829676E8 7.73915348E8 8.92849472E8 8.76812982E8 
9.01827798E8 7.3183963E8 7.73935768E8 8.93027782E8 8.7682002E8 
9.02001572E8 7.3173822E8 7.73825268E8 8.93084596E8 8.76820722E8 
9.01935984E8 7.3177051E8 7.73962274E8 8.92827058E8 8.76823276E8 
9.01932624E8 7.31826538E8 7.73933784E8 8.928093E8 8.76835854E8 
9.01889202E8 7.31713766E8 7.73858346E8 8.93161142E8 8.76842806E8 
9.01975318E8 7.31693628E8 7.74017526E8 8.92863966E8 8.76843954E8 
9.0198971E8 7.3179555E8 7.73793678E8 8.93062412E8 8.7684577E8 
9.01945044E8 7.31713928E8 7.73882436E8 8.93048904E8 8.76846132E8 
9.02050206E8 7.31592386E8 7.74006178E8 8.93024846E8 8.76849336E8 
9.01989928E8 7.3174439E8 7.73845306E8 8.93035544E8 8.76850944E8 
9.01901872E8 7.3179533E8 7.73895826E8 8.93014396E8 8.7686036E8 
9.0178514E8 7.3191285E8 7.73922448E8 8.92905396E8 8.76863252E8 
9.01886974E8 7.31795176E8 7.7399287E8 8.92841904E8 8.76867824E8 
9.0203037E8 7.3151921E8 7.7398402E8 8.93134558E8 8.76868056E8 
9.01888278E8 7.31742396E8 7.73839526E8 8.93103376E8 8.76869902E8 
9.019133E8 7.31801542E8 7.73787832E8 8.93125778E8 8.76872666E8 
9.02003102E8 7.31747066E8 7.7399673E8 8.92793316E8 8.76875572E8 
9.0174057E8 7.31896742E8 7.73999798E8 8.92866462E8 8.76879998E8 
9.01777044E8 7.31928508E8 7.73960252E8 8.92853018E8 8.76884758E8 
9.01890228E8 7.318015E8 7.73915864E8 8.92965344E8 8.76890582E8 
9.01867492E8 7.3179971E8 7.73806142E8 8.93081372E8 8.7689495E8 
9.02029446E8 7.3154784E8 7.739652E8 8.93076792E8 8.76895152E8 
9.01788528E8 7.31816166E8 7.73910168E8 8.93021906E8 8.76907672E8 
9.01918212E8 7.31733952E8 7.74085926E8 8.92826434E8 8.76910008E8 
9.01951582E8 7.31692296E8 7.73838526E8 8.93087434E8 8.769115E8 
9.0189784E8 7.31746238E8 7.73893312E8 8.9307568E8 8.76914028E8 
9.0200866E8 7.31605154E8 7.73931816E8 8.93054788E8 8.769202E8 
9.0185121E8 7.31898238E8 7.73920296E8 8.92828588E8 8.76923138E8 
9.01950658E8 7.31720926E8 7.73819706E8 8.93029668E8 8.76938596E8 
9.01738702E8 7.31876416E8 7.73955906E8 8.92904922E8 8.76945306E8 
9.01803092E8 7.31872642E8 7.7397988E8 8.9279298E8 8.769486E8 
9.01839566E8 7.31904408E8 7.73940334E8 8.92779536E8 8.7695336E8 
9.01929872E8 7.3177824E8 7.73786322E8 8.93007664E8 8.76963644E8 
9.01737774E8 7.31905044E8 7.73934652E8 8.92847142E8 8.7697241E8 
9.01850958E8 7.31778036E8 7.73890264E8 8.92959468E8 8.76978234E8 
9.01878942E8 7.31710488E8 7.74060326E8 8.92820558E8 8.7699766E8 
9.01801224E8 7.31852316E8 7.73935988E8 8.9283144E8 8.77013908E8 
9.01800296E8 7.31880944E8 7.73914734E8 8.9277366E8 8.77041012E8 
9.01903166E8 7.31754424E8 7.74038616E8 8.92749722E8 8.77044112E8 

