#Tue May 14 08:28:38 EST 2013
mating_pool=80
mutation_dist=3
algo_name=RWZ
stopping_criterion=1000000
comparator=multiObjective.RWZComparator
sol_type=solver.mosolver.RWZSolution
algo_type=solver.mosolver.RankingMOGA
logging=false
rand_seed_for_pop=888
range_subdivisions=10
desired_solutions=5,10,15
problemfile=50fac5to20obj\\\\50fac5obj.txt
o=2
HV_sample=100000
runs=30
k=10
rand_seed=clock
problemtype=MOQAP
tournament_size=2
vads=true
mutation_prob=0.1
reweighting_interval=100
c=8
crossover_prob=0.01
delta=10
population=100
Used function evaluations: 1000000

Complete Population
9.07352412E8 7.13682002E8 7.73608746E8 9.49648154E8 8.32143416E8 
9.04614682E8 7.17191974E8 7.71883904E8 9.5072348E8 8.32537634E8 
9.04865224E8 7.16974978E8 7.71932256E8 9.50631514E8 8.32553472E8 
9.04866956E8 7.17110748E8 7.71912874E8 9.50581762E8 8.32570704E8 
9.04577936E8 7.17312192E8 7.72091768E8 9.50553772E8 8.32573072E8 
9.13755574E8 7.00717668E8 7.65978464E8 9.62560612E8 8.34728938E8 
9.1328837E8 7.00828802E8 7.65732412E8 9.62439056E8 8.34794222E8 
9.0704624E8 7.17836356E8 7.71394116E8 9.49679248E8 8.34884894E8 
9.05487596E8 7.14343806E8 7.89423118E8 9.46239448E8 8.3518547E8 
9.05868554E8 7.14301342E8 7.89356468E8 9.45893992E8 8.35251236E8 
9.11073164E8 7.02418146E8 7.63501968E8 9.62462028E8 8.35326614E8 
9.11083774E8 7.02417544E8 7.63369312E8 9.62542586E8 8.35391132E8 
9.11096854E8 7.02452982E8 7.63471486E8 9.62344346E8 8.35392144E8 
9.11249E8 7.02568996E8 7.63335736E8 9.62468604E8 8.35480552E8 
9.11166712E8 7.02294746E8 7.63312688E8 9.62348236E8 8.35519536E8 
9.09115038E8 7.0630919E8 7.60890326E8 9.63710484E8 8.35539094E8 
9.1116226E8 7.02477758E8 7.63273432E8 9.62303708E8 8.35543228E8 
9.11314406E8 7.02593772E8 7.63137682E8 9.62427966E8 8.35631636E8 
9.0891968E8 7.06250164E8 7.61043462E8 9.63812242E8 8.35632036E8 
9.11053216E8 7.02289986E8 7.63119922E8 9.62568808E8 8.35656298E8 
9.0899473E8 7.0618459E8 7.60994336E8 9.63940624E8 8.35688662E8 
9.09002772E8 7.06350818E8 7.60853452E8 9.63671734E8 8.35764036E8 
9.09013486E8 7.06257004E8 7.60845408E8 9.6374154E8 8.35773272E8 
9.08808102E8 7.0579697E8 7.6111632E8 9.63625872E8 8.35816988E8 
9.08831634E8 7.0585329E8 7.61170232E8 9.63683148E8 8.35818502E8 
9.08751892E8 7.0580888E8 7.61360744E8 9.63831594E8 8.35821796E8 
9.0887782E8 7.05928664E8 7.61137828E8 9.63688176E8 8.3583932E8 
9.08920394E8 7.0578079E8 7.6126621E8 9.6381151E8 8.35856102E8 
9.0885379E8 7.05830194E8 7.6117442E8 9.6363789E8 8.35898306E8 
9.08825782E8 7.05767336E8 7.6117745E8 9.63660252E8 8.3594574E8 
9.0886792E8 7.06309342E8 7.60704526E8 9.64024832E8 8.36020768E8 
9.08669282E8 7.0584683E8 7.60975426E8 9.6391629E8 8.36066696E8 
9.18331964E8 7.0201118E8 7.59876788E8 9.624057E8 8.36795676E8 
9.18127782E8 7.019092E8 7.60138842E8 9.62284882E8 8.36868802E8 
9.18167198E8 7.0183574E8 7.60577816E8 9.62032504E8 8.36880552E8 
9.18132138E8 7.02002102E8 7.60119642E8 9.62211684E8 8.36883952E8 
9.14721986E8 7.01912036E8 7.63353904E8 9.6093672E8 8.36905192E8 
9.18216688E8 7.0165551E8 7.60343366E8 9.62282654E8 8.36928646E8 
9.1813284E8 7.02017506E8 7.59851232E8 9.62335716E8 8.36928696E8 
9.18235742E8 7.01716392E8 7.60244234E8 9.62277776E8 8.3695299E8 
9.18034198E8 7.01925996E8 7.6007481E8 9.62314754E8 8.36964804E8 
9.14808036E8 7.01524946E8 7.63592146E8 9.60719822E8 8.37073658E8 
9.17976446E8 7.01656558E8 7.60305482E8 9.62186286E8 8.37075678E8 
9.1799991E8 7.01719086E8 7.60206398E8 9.62191024E8 8.37099862E8 
9.18152232E8 7.02034372E8 7.59985838E8 9.6220985E8 8.37135136E8 
9.17876578E8 7.02079424E8 7.59744106E8 9.6230679E8 8.37185988E8 
9.09440744E8 7.04810692E8 7.68193458E8 9.60495588E8 8.37334964E8 
9.0959372E8 7.03128828E8 7.68283898E8 9.60782528E8 8.37399392E8 
9.08976796E8 7.049357E8 7.68004082E8 9.60588214E8 8.37489286E8 
9.12162406E8 7.06965612E8 7.58210536E8 9.61897294E8 8.3767234E8 
9.12137898E8 7.0699652E8 7.5818505E8 9.61841742E8 8.37692506E8 
9.1214945E8 7.0708897E8 7.5816734E8 9.61774926E8 8.37707116E8 
9.12219032E8 7.06786626E8 7.5797451E8 9.6214528E8 8.37712766E8 
9.12192256E8 7.07040706E8 7.58253922E8 9.6185673E8 8.37738222E8 
9.12165104E8 7.06996314E8 7.58191874E8 9.61847622E8 8.37743362E8 
9.1219888E8 7.06910436E8 7.57929824E8 9.6201653E8 8.37748082E8 
9.12076012E8 7.07026992E8 7.58182756E8 9.61822022E8 8.37749862E8 
9.12208126E8 7.0689764E8 7.578891E8 9.62023752E8 8.37777718E8 
9.12500796E8 7.06520644E8 7.57918022E8 9.6208055E8 8.37954054E8 
9.12364334E8 7.06419274E8 7.58236196E8 9.62040474E8 8.38026758E8 
9.22069792E8 7.01186328E8 7.60140702E8 9.60732674E8 8.38032496E8 
9.132015E8 7.01552336E8 7.62012124E8 9.61575696E8 8.38205928E8 
9.21958298E8 7.01241366E8 7.60097136E8 9.60694458E8 8.38258066E8 
9.13141962E8 7.01463764E8 7.6172135E8 9.6182689E8 8.38303088E8 
9.17674852E8 7.03887348E8 7.56146898E8 9.62106558E8 8.39684594E8 
9.1735761E8 7.03972284E8 7.56155496E8 9.6205856E8 8.39688468E8 
9.1733209E8 7.03968598E8 7.56205352E8 9.62016604E8 8.39733628E8 
9.17617848E8 7.03878116E8 7.56167268E8 9.62054218E8 8.39781766E8 
9.1165973E8 7.08884876E8 7.54650216E8 9.61658002E8 8.40146734E8 
9.11564576E8 7.08956478E8 7.54114432E8 9.61881862E8 8.40586744E8 
9.10176218E8 7.06701906E8 7.62435338E8 9.49970588E8 8.41353928E8 
9.09989164E8 7.06563326E8 7.62474398E8 9.50049992E8 8.41382866E8 
9.07147414E8 7.09843698E8 7.60758738E8 9.51376768E8 8.41672396E8 
9.0714758E8 7.0988361E8 7.6071833E8 9.51246844E8 8.41725716E8 
9.07163622E8 7.10047508E8 7.60698906E8 9.51196636E8 8.41742948E8 
9.0724324E8 7.09811074E8 7.60669266E8 9.51374112E8 8.41767054E8 
9.07186942E8 7.09809204E8 7.60693482E8 9.51467186E8 8.41790836E8 
9.07162692E8 7.09886218E8 7.60769284E8 9.51397552E8 8.41855324E8 
9.0720772E8 7.09968098E8 7.60532826E8 9.51096968E8 8.41856502E8 
9.07266532E8 7.09824104E8 7.60592032E8 9.5128195E8 8.41862692E8 
9.0723182E8 7.09890604E8 7.60513334E8 9.51165682E8 8.41866224E8 
9.07257844E8 7.0993039E8 7.60585636E8 9.5120835E8 8.418681E8 
9.07353384E8 7.09857854E8 7.60681692E8 9.51335608E8 8.41890598E8 
9.07163108E8 7.0989708E8 7.60723392E8 9.51340042E8 8.4190295E8 
9.07171962E8 7.09830706E8 7.6068938E8 9.51283718E8 8.41950862E8 
9.07305916E8 7.0978961E8 7.6070092E8 9.51372356E8 8.41958524E8 
9.09835606E8 7.0321675E8 7.66710872E8 9.4969204E8 8.43847434E8 
9.11914244E8 7.05618782E8 7.6129656E8 9.4911069E8 8.4400613E8 
9.11806264E8 7.05629678E8 7.61496806E8 9.48975332E8 8.4417332E8 
9.0619473E8 7.09917E8 7.59376028E8 9.54039518E8 8.44236742E8 
9.06290354E8 7.09844556E8 7.59362608E8 9.54166862E8 8.44292248E8 
9.0628677E8 7.0982088E8 7.59369696E8 9.54226742E8 8.44367178E8 
9.06199694E8 7.09853326E8 7.59434622E8 9.54132764E8 8.44429018E8 
9.06200116E8 7.09864234E8 7.59377528E8 9.54075294E8 8.44487496E8 
9.06212598E8 7.09314678E8 7.61881046E8 9.50105374E8 8.45116142E8 
9.06247598E8 7.09281612E8 7.6182627E8 9.4984266E8 8.45206848E8 
9.0623073E8 7.09151698E8 7.61892968E8 9.50052736E8 8.4520858E8 
9.08293326E8 7.03697066E8 7.6820842E8 9.49100932E8 8.46017352E8 
9.07137746E8 7.09444932E8 7.61309058E8 9.48982206E8 8.46094736E8 
9.09838176E8 7.0935816E8 7.587097E8 9.45411684E8 8.5079633E8 

