#Sat Apr 20 11:25:04 EST 2013
mating_pool=80
mutation_dist=3
algo_name=RWZ_Niching
stopping_criterion=Lack of Progress, 15 iterations
comparator=multiObjective.RWZNichingComparator
sol_type=solver.mosolver.RWZSolution
algo_type=solver.mosolver.NichingMOGA
logging=false
rand_seed_for_pop=888
range_subdivisions=10
desired_solutions=5,10,15
problemfile=50fac5to20obj\\\\50fac5obj.txt
o=2
HV_sample=100000
runs=30
k=10
rand_seed=clock
problemtype=MOQAP
tournament_size=2
vads=true
mutation_prob=0.1
reweighting_interval=Reweight at no progress
c=8
crossover_prob=0.01
delta=10
population=100
Used function evaluations: 456860

Complete Population
9.58336264E8 7.3158995E8 8.45853226E8 9.45557886E8 8.4600702E8 
8.98995102E8 7.52658086E8 8.21520744E8 9.64357734E8 8.47563036E8 
8.74824738E8 7.20938138E8 8.4926393E8 9.7073862E8 8.49377248E8 
8.69407838E8 7.29661298E8 8.47314766E8 9.75029126E8 8.495019E8 
9.08183378E8 7.26033838E8 8.2065015E8 9.6072997E8 8.49520588E8 
9.10057324E8 7.21850758E8 8.41814836E8 9.59921242E8 8.49856848E8 
9.31965522E8 7.4966205E8 8.11510318E8 9.57478566E8 8.50410394E8 
8.74604008E8 7.22369518E8 8.48217504E8 9.63479754E8 8.5090009E8 
9.24468168E8 7.45728042E8 8.15996274E8 9.54557288E8 8.51128686E8 
8.69677584E8 7.32644696E8 8.4997559E8 9.71391666E8 8.5128597E8 
8.78447704E8 7.15675868E8 8.57229524E8 9.63840704E8 8.51922028E8 
8.66131822E8 7.25978258E8 8.50313734E8 9.79956076E8 8.52108962E8 
8.96811122E8 7.47765856E8 8.25192488E8 9.64244924E8 8.52569654E8 
8.64411728E8 7.1607412E8 8.60488578E8 9.73741542E8 8.52636156E8 
9.02542272E8 7.37459066E8 8.25515086E8 9.66267322E8 8.53511834E8 
8.80246624E8 7.22032074E8 8.50358272E8 9.71158902E8 8.541128E8 
8.79167998E8 7.15748534E8 8.48550146E8 9.62316496E8 8.54129252E8 
8.70992976E8 7.28343602E8 8.50161622E8 9.6994513E8 8.54190682E8 
9.06949118E8 7.37920152E8 8.2425362E8 9.6582237E8 8.54567652E8 
8.74384802E8 7.1474992E8 8.49315574E8 9.7793261E8 8.547113E8 
8.84893384E8 7.14950892E8 8.54477552E8 9.69300414E8 8.54715454E8 
8.68100186E8 7.23576968E8 8.55017208E8 9.7052521E8 8.55553418E8 
8.78996112E8 7.14827508E8 8.5593916E8 9.70951138E8 8.55629548E8 
9.0565196E8 7.31862152E8 8.17474386E8 9.68001156E8 8.55646802E8 
8.62738718E8 7.16794468E8 8.56085786E8 9.77228764E8 8.55736136E8 
8.74174024E8 7.15583368E8 8.54776914E8 9.57243038E8 8.55791442E8 
8.62734032E8 7.16071108E8 8.5541913E8 9.73868316E8 8.56205946E8 
8.83658096E8 7.15285084E8 8.51890992E8 9.69250204E8 8.56209546E8 
8.72499522E8 7.247308E8 8.503699E8 9.69113392E8 8.562963E8 
9.03195754E8 7.32989786E8 8.20217834E8 9.66279586E8 8.56645762E8 
8.62139804E8 7.19238802E8 8.55436758E8 9.76135694E8 8.56860108E8 
8.59828736E8 7.27003964E8 8.52143324E8 9.7599385E8 8.56880684E8 
8.87033726E8 7.12352172E8 8.58688116E8 9.65911532E8 8.56938254E8 
8.62105426E8 7.16333844E8 8.59402552E8 9.73766114E8 8.57057472E8 
8.72357636E8 7.1759948E8 8.48779332E8 9.71231744E8 8.57508554E8 
8.68201126E8 7.2689417E8 8.4789432E8 9.6836532E8 8.57841156E8 
8.75027366E8 7.20018714E8 8.53481958E8 9.69720552E8 8.58408412E8 
8.71739082E8 7.0583444E8 8.39674166E8 1.045113162E9 8.58447632E8 
8.645896E8 7.16048526E8 8.57402844E8 9.75243332E8 8.5856235E8 
8.59411076E8 7.19807966E8 8.56446914E8 9.74317238E8 8.58830608E8 
8.80651718E8 7.08206986E8 8.61071898E8 9.70868468E8 8.59028256E8 
8.70219894E8 7.16856148E8 8.55007728E8 9.7226363E8 8.59055954E8 
8.71564842E8 7.17167466E8 8.54986592E8 9.6278277E8 8.59056442E8 
8.8622185E8 7.05414444E8 8.59197598E8 9.66806036E8 8.59164674E8 
8.77761058E8 7.15417714E8 8.55064644E8 9.6726426E8 8.59230906E8 
8.82478378E8 7.12196632E8 8.55070044E8 9.66203458E8 8.5943834E8 
8.5721856E8 7.15472456E8 8.64493548E8 9.68686694E8 8.59568968E8 
8.7183387E8 7.14462492E8 8.5949856E8 9.70271908E8 8.59682516E8 
8.61830854E8 7.11972132E8 8.6117774E8 9.7051034E8 8.59877446E8 
8.65651262E8 7.2597957E8 8.52723884E8 9.69898318E8 8.59958774E8 
8.73158406E8 7.17611942E8 8.5037929E8 9.71264454E8 8.59972422E8 
8.72150412E8 7.07867214E8 8.514504E8 9.58673432E8 8.60152934E8 
8.8920014E8 7.08743292E8 8.577314E8 9.67404402E8 8.6017645E8 
8.68190428E8 7.1940301E8 8.51999978E8 9.71608326E8 8.6022244E8 
8.67347562E8 7.2187798E8 8.54309888E8 9.70131328E8 8.60277234E8 
8.8295434E8 7.11355738E8 8.54923316E8 9.67161508E8 8.6042404E8 
8.67224622E8 7.21776876E8 8.54351282E8 9.70104756E8 8.60430022E8 
8.78326384E8 7.09050922E8 8.55644444E8 9.69712288E8 8.60437416E8 
8.72774806E8 7.20683704E8 8.55042934E8 9.62705558E8 8.60542334E8 
8.62205982E8 7.14618128E8 8.59882404E8 9.71643488E8 8.60933936E8 
8.87107442E8 7.09820804E8 8.54120078E8 9.64322538E8 8.61063374E8 
8.63503292E8 7.14112604E8 8.5682566E8 9.71982868E8 8.61208532E8 
8.8751488E8 7.08564178E8 8.56503012E8 9.69888024E8 8.61780744E8 
8.70407718E8 7.10217568E8 8.58890816E8 9.75811358E8 8.62287294E8 
8.84119308E8 7.10006932E8 8.52655964E8 9.72606464E8 8.62299584E8 
8.88138516E8 7.11096652E8 8.52845126E8 9.70964052E8 8.62333818E8 
8.6577968E8 7.19492642E8 8.5700464E8 9.66851942E8 8.62335562E8 
8.78883282E8 7.05740174E8 8.5261337E8 9.61731776E8 8.6240761E8 
8.76642276E8 7.17499558E8 8.53120328E8 9.63018208E8 8.62630974E8 
8.62104134E8 7.10029848E8 8.62937752E8 9.69998086E8 8.62637582E8 
8.72944666E8 7.23983484E8 8.51296134E8 9.61113268E8 8.62719428E8 
8.66035998E8 7.11938866E8 8.60173334E8 9.71723772E8 8.6290312E8 
8.69310264E8 7.14103556E8 8.5922226E8 9.67450328E8 8.63305762E8 
8.73947278E8 7.10657832E8 8.54916054E8 9.68080586E8 8.63430432E8 
8.85398602E8 7.25191104E8 8.3697082E8 9.56784794E8 8.63469252E8 
8.77207432E8 7.0544978E8 8.64187746E8 9.64560736E8 8.63589446E8 
8.78421686E8 7.11462408E8 8.5575012E8 9.66050616E8 8.63707614E8 
8.55630302E8 7.11073904E8 8.63037304E8 9.74619648E8 8.63803872E8 
8.63842912E8 7.12977488E8 8.61052784E8 9.6851602E8 8.6385797E8 
8.5396236E8 7.10377602E8 8.62377856E8 9.74882362E8 8.63909724E8 
8.63997838E8 7.13093704E8 8.62652112E8 9.68682796E8 8.6402705E8 
8.7034774E8 7.28551104E8 8.4581139E8 9.63002412E8 8.64160326E8 
8.6220557E8 7.12344074E8 8.61851092E8 9.69101346E8 8.64396548E8 
8.8409772E8 7.08407546E8 8.54154334E8 9.65139982E8 8.651701E8 
8.87371294E8 7.19705708E8 8.47132286E8 9.56982538E8 8.65871926E8 
9.02944014E8 7.1411977E8 8.3706053E8 9.5152944E8 8.67430082E8 
8.84098428E8 7.06972186E8 8.5448201E8 9.68115476E8 8.67505204E8 
8.80688982E8 7.06169596E8 8.5859209E8 9.65750036E8 8.69497818E8 
8.87285964E8 7.02637604E8 8.5392478E8 9.59929678E8 8.7021478E8 
8.65350788E8 7.07193612E8 8.49278904E8 1.015636636E9 8.7106315E8 
8.7452074E8 7.0999619E8 8.5546192E8 9.6582595E8 8.77745964E8 
8.82270236E8 6.9565745E8 8.42966974E8 1.00651056E9 8.78502638E8 
9.14946192E8 7.10089802E8 8.12709608E8 9.67158998E8 8.79711892E8 
9.27428584E8 7.0664349E8 8.02739666E8 9.65956376E8 8.90186486E8 
9.16017126E8 7.11680492E8 8.1202995E8 9.65008284E8 8.9064484E8 
8.5944396E8 7.06135434E8 8.40479516E8 1.016970954E9 9.05913386E8 
8.45152284E8 7.03378574E8 8.4423663E8 1.002989956E9 9.06746198E8 
8.6093709E8 7.06853996E8 8.35617664E8 1.016568106E9 9.06891816E8 
8.57156246E8 7.10105244E8 8.07447952E8 1.03457122E9 9.22994352E8 
8.5883846E8 7.09872674E8 8.03726786E8 1.04078933E9 9.26373896E8 


