#Wed May 15 16:28:34 EST 2013
mating_pool=80
mutation_dist=3
algo_name=MSOPS_100t
stopping_criterion=1000000
comparator=multiObjective.MSOPSComparator
sol_type=solver.mosolver.MSOPSSolution
algo_type=solver.mosolver.GenericNoDuplicatesMOGA
logging=false
rand_seed_for_pop=888
range_subdivisions=3
desired_solutions=5,10,15
problemfile=50fac5to20obj\\\\50fac5obj.txt
o=2
HV_sample=100000
runs=30
k=10
rand_seed=clock
problemtype=MOQAP
tournament_size=2
vads=true
mutation_prob=0.1
reweighting_interval=100
c=8
crossover_prob=0.01
delta=10
targets=100
population=100
Used function evaluations: 1000000

Complete Population
1.196901432E9 8.21925256E8 9.38954462E8 1.148798038E9 5.85462976E8 
1.164560276E9 7.89199072E8 9.09243054E8 1.175563966E9 6.17576188E8 
1.21715773E9 8.34742082E8 8.71769224E8 1.126451562E9 6.2195726E8 
1.21798057E9 8.33690206E8 8.64928558E8 1.121058828E9 6.2573288E8 
1.19377271E9 8.12865522E8 8.52145376E8 1.129866788E9 6.55416688E8 
1.113382732E9 9.59115264E8 9.21931792E8 9.28068226E8 7.11030916E8 
1.119312538E9 9.61233922E8 9.28537968E8 8.85449954E8 7.11154214E8 
1.145076942E9 8.33910302E8 7.13161562E8 1.282798268E9 7.201081E8 
1.101137646E9 9.5461101E8 9.1333715E8 9.00795468E8 7.25897502E8 
1.127209874E9 9.72345534E8 9.4215948E8 8.57935524E8 7.2849211E8 
9.87358374E8 7.05065172E8 1.003902206E9 1.08950722E9 7.29135586E8 
1.105381184E9 9.47495528E8 8.85039366E8 9.09306652E8 7.39239522E8 
1.020832928E9 6.59422884E8 1.051025586E9 1.183246958E9 7.48845482E8 
9.782961E8 7.41193026E8 9.87582134E8 1.109598676E9 7.51081814E8 
1.14388778E9 7.31531638E8 8.13904486E8 1.45201322E9 7.63846134E8 
1.143869838E9 7.31468706E8 8.1362287E8 1.451853094E9 7.639243E8 
1.149674338E9 8.66877592E8 6.64981092E8 1.343696356E9 7.8016102E8 
1.450815676E9 8.4153173E8 8.43083512E8 1.081851182E9 7.81094126E8 
1.410778606E9 7.8875207E8 9.3612297E8 1.05687309E9 7.99009946E8 
8.60727996E8 9.29910092E8 8.73107078E8 1.433742794E9 8.01579108E8 
1.449025496E9 8.24858004E8 8.20333432E8 1.079876078E9 8.06557396E8 
1.047008642E9 1.114081872E9 7.62535318E8 1.087091892E9 8.09058874E8 
1.444972638E9 8.23393788E8 8.53009772E8 1.047024998E9 8.09369892E8 
8.80618156E8 9.79213734E8 8.47380208E8 1.427711208E9 8.1577619E8 
8.35411718E8 8.91476818E8 8.65968172E8 1.38115652E9 8.25520254E8 
1.01451845E9 6.0344128E8 1.0041788E9 1.153506572E9 8.32156262E8 
1.330580956E9 7.48672662E8 7.1014292E8 1.276090866E9 8.3598487E8 
8.18918382E8 8.87402124E8 8.60099216E8 1.378544196E9 8.5727222E8 
1.31295064E9 1.099140458E9 7.32122652E8 9.31722502E8 8.60690886E8 
9.78440196E8 5.48063052E8 1.04219275E9 1.155996428E9 8.61956738E8 
9.55693978E8 8.02371018E8 7.9001952E8 1.514181426E9 8.6476343E8 
1.031349788E9 1.211771116E9 8.231819E8 9.98427742E8 8.652038E8 
1.032708098E9 1.21384673E9 8.22933702E8 9.98705798E8 8.69300994E8 
1.015809076E9 1.215680578E9 8.28390298E8 1.014733714E9 8.70870548E8 
1.44613818E9 8.05465764E8 8.10594928E8 1.024942132E9 8.71771262E8 
8.63546768E8 6.47358316E8 1.104400672E9 1.379965296E9 8.75931532E8 
9.52123574E8 7.63855052E8 8.28272218E8 1.533289098E9 8.85367098E8 
8.80764826E8 6.62119358E8 1.13659771E9 1.366418116E9 8.8604137E8 
1.126568902E9 7.63286376E8 1.043805234E9 7.9999622E8 8.951075E8 
1.123345964E9 7.58883726E8 1.04422991E9 7.998471E8 8.96888172E8 
9.8766293E8 1.234444886E9 8.44578054E8 1.089618196E9 9.04193354E8 
9.88140478E8 1.235336256E9 8.46559426E8 1.08702456E9 9.04944978E8 
9.21013172E8 7.6624647E8 8.57677896E8 1.548852736E9 9.08950302E8 
1.127101994E9 7.4507228E8 1.05853322E9 8.0404073E8 9.19519644E8 
9.67328778E8 6.9344932E8 1.279313968E9 9.76371166E8 9.27282908E8 
1.106444898E9 9.27014342E8 8.03743734E8 7.5630398E8 9.36496488E8 
1.099726818E9 9.34789394E8 8.01606248E8 7.56174388E8 9.38485014E8 
9.25388166E8 1.14656293E9 1.11635274E9 9.30232792E8 9.4476181E8 
7.15693698E8 8.26635102E8 9.24131866E8 1.153997108E9 9.46956616E8 
7.1317622E8 8.10003682E8 9.20980916E8 1.159553242E9 9.53867194E8 
9.61808276E8 9.0743579E8 1.278310564E9 9.02798894E8 9.62474388E8 
1.020880132E9 9.21291498E8 6.02458956E8 1.08955333E9 9.66534576E8 
6.88036652E8 8.32608718E8 9.6651669E8 1.186604512E9 9.69773826E8 
6.84229708E8 8.28453538E8 9.6320826E8 1.18267733E9 9.72879188E8 
1.037723536E9 9.40542912E8 5.79729828E8 1.100920572E9 9.84834314E8 
7.64386072E8 7.5876917E8 8.23421034E8 1.091681962E9 9.87412154E8 
9.37043112E8 7.14956712E8 1.30778502E9 9.8893398E8 9.92317178E8 
1.3940383E9 9.20092196E8 8.1433315E8 7.95382304E8 9.95054856E8 
9.33263258E8 6.96851942E8 1.303389448E9 9.83610928E8 1.0032333E9 
1.031298918E9 8.35009664E8 6.69566926E8 8.49686194E8 1.008626422E9 
1.183048108E9 6.9707732E8 6.7841279E8 1.109297456E9 1.012499816E9 
1.164662572E9 6.64017754E8 7.36515566E8 1.11681896E9 1.0130527E9 
7.65361396E8 7.42958438E8 8.83048434E8 1.045267136E9 1.013094546E9 
7.2136212E8 7.60016866E8 1.024636254E9 1.149615974E9 1.01430282E9 
1.024897418E9 8.43259304E8 6.74832298E8 8.34985226E8 1.01738614E9 
7.14195126E8 7.47993224E8 1.017329306E9 1.180826768E9 1.01838607E9 
1.177953354E9 7.012727E8 6.7217085E8 1.114311206E9 1.0212445E9 
1.02459822E9 8.48654452E8 6.6172745E8 8.460403E8 1.022991528E9 
1.089537106E9 5.07792824E8 9.61320034E8 1.22796818E9 1.028199386E9 
7.5652645E8 8.32522612E8 8.8403831E8 1.022514234E9 1.030157408E9 
8.66985886E8 7.98130188E8 9.71650034E8 7.87791744E8 1.03057135E9 
9.26195308E8 6.8078752E8 1.301713038E9 9.75085486E8 1.033215788E9 
8.31286492E8 8.05065186E8 9.75285278E8 8.13110364E8 1.03381554E9 
8.48628614E8 7.83848156E8 9.74559416E8 7.9759466E8 1.036475922E9 
7.85028254E8 6.85474484E8 1.015293168E9 1.237071828E9 1.039565232E9 
8.15054818E8 7.77326424E8 9.87346774E8 8.3447686E8 1.040413924E9 
9.19049626E8 6.77841492E8 1.299198892E9 9.809947E8 1.051058744E9 
6.73442782E8 7.76973394E8 1.037430016E9 1.211688898E9 1.052414128E9 
7.87531544E8 7.56667174E8 9.73507426E8 9.13285982E8 1.052882394E9 
9.22817796E8 8.53590272E8 1.283618458E9 9.10040642E8 1.055535504E9 
1.121631148E9 8.66482278E8 5.47694444E8 1.244944E9 1.07492821E9 
1.104793658E9 8.95919264E8 8.80711252E8 7.07889748E8 1.088077732E9 
7.8673356E8 9.24996562E8 7.3616017E8 9.72788066E8 1.10333133E9 
1.082696108E9 1.01472317E9 7.5621101E8 7.26251878E8 1.108412906E9 
1.08457123E9 1.014598874E9 7.60231422E8 7.1537247E8 1.112951426E9 
8.01919728E8 9.15273032E8 7.47163084E8 9.29945952E8 1.119802482E9 
1.09600027E9 8.9904346E8 8.9494152E8 6.45970812E8 1.122017144E9 
9.20632198E8 1.139255414E9 8.32866118E8 9.5626877E8 1.136271006E9 
1.072109612E9 8.34045538E8 9.15472622E8 7.5980493E8 1.147068358E9 
8.04851566E8 8.92460986E8 7.89585232E8 8.962241E8 1.148686742E9 
8.04959892E8 8.9222687E8 7.8975347E8 8.96127258E8 1.148944844E9 
1.015398638E9 9.27262348E8 9.16306356E8 6.8848645E8 1.155892274E9 
8.90265262E8 9.34909054E8 7.32596992E8 8.76934994E8 1.202747856E9 
8.6582909E8 9.75387068E8 7.40943856E8 9.38747434E8 1.20677684E9 
1.189767376E9 7.64458682E8 8.05349488E8 8.90248624E8 1.259897594E9 
1.181819258E9 7.62778594E8 8.49233676E8 8.72175046E8 1.293137656E9 
8.66070986E8 8.41593638E8 9.7043747E8 9.36860882E8 1.380916622E9 
8.8986154E8 7.82450318E8 1.002012738E9 9.36144622E8 1.38454528E9 
9.36151846E8 7.24811196E8 9.21062646E8 9.71161808E8 1.395322436E9 
9.31491416E8 7.06726084E8 8.58489234E8 1.018486634E9 1.405023418E9 


