#Tue May 14 08:32:29 EST 2013
mating_pool=80
mutation_dist=3
algo_name=IBEA_eps
stopping_criterion=1000000
comparator=multiObjective.EpsIndComparator
sol_type=solver.mosolver.IBEASolution
algo_type=solver.mosolver.GenericNoDuplicatesMOGA
logging=false
rand_seed_for_pop=888
desired_solutions=5,10,15
problemfile=50fac5to20obj\\\\50fac5obj.txt
o=2
HV_sample=100000
runs=30
k=10
rand_seed=clock
problemtype=MOQAP
tournament_size=2
vads=true
mutation_prob=0.1
reweighting_interval=100
c=8
crossover_prob=0.01
delta=10
targets=50
population=100
Used function evaluations: 1000000

Complete Population
1.069192584E9 6.68445454E8 8.08306394E8 1.118295292E9 7.70971456E8 
1.072188312E9 6.80936878E8 8.28542358E8 1.004590324E9 7.80234178E8 
1.064022782E9 6.69179106E8 8.05251006E8 1.122902648E9 7.80594326E8 
1.066452976E9 7.20010508E8 8.66985294E8 9.46768818E8 7.81276738E8 
9.78735742E8 7.61440794E8 9.191693E8 8.87669812E8 7.8609421E8 
9.80306866E8 7.64387682E8 9.29008338E8 8.86556862E8 7.88259062E8 
9.59735518E8 7.881215E8 8.71586898E8 9.95895078E8 7.88328458E8 
1.008925052E9 7.75086036E8 8.07040954E8 1.101013828E9 7.90654124E8 
9.65866972E8 7.75353628E8 8.81301534E8 1.042710682E9 7.96471286E8 
1.005040264E9 7.5317497E8 7.80167038E8 1.094604994E9 8.00714258E8 
1.05176059E9 6.64591888E8 8.5184355E8 1.001938286E9 8.00723202E8 
1.042566128E9 7.01304176E8 8.24762632E8 9.96640844E8 8.04754492E8 
1.043124488E9 6.75927878E8 8.73740448E8 9.80994204E8 8.05092294E8 
9.4870694E8 7.61882406E8 8.79084792E8 8.74011512E8 8.16472362E8 
1.050273266E9 7.9706949E8 7.75818038E8 9.37815366E8 8.19727848E8 
1.044933768E9 8.00091558E8 7.76950948E8 9.3924635E8 8.20436E8 
9.13278028E8 7.3484488E8 9.28421712E8 1.12952946E9 8.25308628E8 
1.038066108E9 8.00637262E8 7.7491639E8 9.3425622E8 8.27503428E8 
9.91808592E8 7.3013099E8 8.8992517E8 9.42828052E8 8.2843941E8 
1.09298719E9 6.59229664E8 8.12623124E8 1.047737178E9 8.30294056E8 
9.52800436E8 7.5958793E8 8.6941764E8 8.87673002E8 8.3084479E8 
1.07307462E9 6.7702717E8 7.75436928E8 1.158277744E9 8.3355186E8 
1.034558542E9 7.94766494E8 7.72156048E8 9.44891216E8 8.36899756E8 
9.7851381E8 6.807163E8 8.47019122E8 1.002105294E9 8.3992609E8 
9.24786958E8 7.90180138E8 8.65018662E8 8.8657857E8 8.44761576E8 
9.49631346E8 7.92825506E8 7.55378306E8 1.132041444E9 8.4548039E8 
9.5020663E8 7.92666784E8 7.55079518E8 1.13149442E9 8.46796918E8 
9.4410182E8 7.80102712E8 8.50506256E8 8.92325526E8 8.49631044E8 
8.96321258E8 6.96203696E8 9.48399676E8 1.101449328E9 8.50795724E8 
9.5045436E8 8.01175834E8 8.48014552E8 8.62953876E8 8.57480928E8 
9.48147204E8 7.21415482E8 8.21531354E8 1.019286572E9 8.6019762E8 
9.87483288E8 7.59304744E8 7.60101544E8 1.07346626E9 8.61832912E8 
9.296881E8 7.73245004E8 8.90332952E8 8.76044108E8 8.65816802E8 
8.55986912E8 7.00144072E8 9.3054447E8 1.121156774E9 8.6977489E8 
9.72801092E8 6.87921258E8 8.70973716E8 9.52773984E8 8.72411468E8 
9.51049404E8 6.97255044E8 8.199246E8 1.006703732E9 8.74361496E8 
8.5215725E8 6.9799974E8 9.3059928E8 1.123122548E9 8.78642406E8 
9.37299192E8 6.6069356E8 8.5002823E8 1.037148744E9 8.7890197E8 
9.36684366E8 6.85390974E8 8.26124124E8 1.024851988E9 8.79235236E8 
9.54190954E8 6.30609038E8 8.25098554E8 1.141590252E9 8.83760034E8 
9.68288906E8 6.85394012E8 8.71291338E8 9.50202244E8 8.87764736E8 
9.3323258E8 6.33237724E8 8.4816272E8 1.12753464E9 8.92715162E8 
8.9836848E8 7.26627388E8 8.89631956E8 1.005637802E9 9.02219694E8 
9.10786606E8 6.21045942E8 8.24680234E8 1.115303408E9 9.16856228E8 
9.10963192E8 6.22301048E8 8.22201968E8 1.117537342E9 9.17823576E8 
8.56124946E8 7.130965E8 8.8728229E8 1.022597698E9 9.21961822E8 
8.88329304E8 8.37188072E8 7.80740164E8 9.77044216E8 9.23042128E8 
9.65401854E8 8.52425884E8 6.8576199E8 9.44201816E8 9.3471763E8 
9.00994272E8 8.21743846E8 7.4790652E8 9.21607594E8 9.36439984E8 
8.6120379E8 7.15665192E8 8.7224283E8 1.016681326E9 9.36556964E8 
9.41763184E8 7.90329886E8 7.04080826E8 9.8979352E8 9.37755592E8 
8.96827658E8 8.17926444E8 7.4783506E8 9.19600712E8 9.40003424E8 
9.69013562E8 7.9431198E8 6.72177416E8 1.003203206E9 9.4121306E8 
9.61705914E8 8.6162383E8 7.05323134E8 9.13293098E8 9.44045532E8 
9.05689908E8 6.17520402E8 8.9745454E8 1.090079558E9 9.5622624E8 
1.017767122E9 7.59150608E8 6.7245412E8 1.095007384E9 9.5830788E8 
8.28089674E8 7.14798002E8 8.67455092E8 1.03320036E9 9.60440832E8 
9.6469107E8 8.16503784E8 8.13533024E8 8.24264688E8 9.6072053E8 
9.42969138E8 8.57456994E8 6.84656578E8 9.15160008E8 9.61370132E8 
9.9284611E8 7.23325596E8 7.52260382E8 9.76968362E8 9.65060306E8 
8.83591846E8 7.77990618E8 7.48459802E8 9.4368412E8 9.69856388E8 
8.75327888E8 6.1758037E8 8.79863448E8 1.122217606E9 9.70051474E8 
8.92348236E8 7.79733968E8 7.51678122E8 9.34106242E8 9.70832374E8 
8.32323798E8 7.33702124E8 8.60878376E8 9.89303726E8 9.75308782E8 
9.40769482E8 7.44892134E8 7.05926582E8 1.05362467E9 9.76120854E8 
9.66822876E8 7.20772356E8 7.8081328E8 9.09255208E8 9.78622562E8 
8.77107406E8 6.30979628E8 8.82105456E8 1.120515906E9 9.786423E8 
1.015709592E9 7.96564994E8 6.55513916E8 1.124741806E9 9.79112148E8 
8.90015896E8 7.52397256E8 8.44848846E8 8.4078162E8 9.80897596E8 
9.88702536E8 8.00740414E8 6.77214024E8 9.7434235E8 9.8567303E8 
8.74905914E8 7.2216251E8 8.43293482E8 8.75245144E8 9.9100056E8 
9.79760966E8 7.2542761E8 7.88658766E8 8.91719774E8 9.92833306E8 
8.24478902E8 7.06710314E8 8.62251302E8 9.86129348E8 9.93443568E8 
8.15854756E8 7.222236E8 8.73440846E8 9.48083362E8 9.95652996E8 
8.28541236E8 7.66329932E8 8.93509624E8 9.17386006E8 9.96553354E8 
9.63323304E8 8.08621366E8 6.78229462E8 9.51326568E8 9.96639158E8 
1.006835124E9 7.12192092E8 7.38566682E8 9.40110018E8 9.9724786E8 
9.20443748E8 6.40359096E8 9.30008534E8 1.001435284E9 1.000076518E9 
9.95121794E8 7.12609096E8 7.43996652E8 9.34705802E8 1.00094044E9 
8.8289568E8 7.49006676E8 8.52384586E8 8.28379548E8 1.00097651E9 
9.34692772E8 6.3528494E8 8.55975134E8 9.9868508E8 1.006804402E9 
9.54654038E8 6.85816622E8 7.66119156E8 9.2127319E8 1.008468604E9 
9.52954054E8 6.85757894E8 7.65188018E8 9.22797E8 1.010371944E9 
9.10919008E8 7.48074824E8 8.72042596E8 8.1225619E8 1.010618962E9 
9.41890112E8 8.0806381E8 7.11032686E8 9.53935784E8 1.010994282E9 
8.21873538E8 7.05583126E8 8.9545911E8 9.55046444E8 1.012437272E9 
9.36043298E8 6.30790208E8 8.52464176E8 9.87136978E8 1.01575568E9 
8.9571747E8 7.13426812E8 8.7346316E8 8.98038994E8 1.035463474E9 
8.01064128E8 6.9884015E8 9.29577732E8 9.58728686E8 1.044708124E9 
7.98412544E8 7.0083284E8 9.29822058E8 9.6663741E8 1.0475267E9 
8.97807112E8 6.43800334E8 8.13904728E8 1.03886082E9 1.050441954E9 
9.3063199E8 7.31335358E8 7.16440324E8 9.63828264E8 1.057182188E9 
9.3243205E8 7.31609418E8 7.15536882E8 9.6239625E8 1.06423554E9 
8.77966346E8 6.28169434E8 8.22668182E8 1.030821638E9 1.06453095E9 
9.25126482E8 7.25987414E8 7.17924332E8 9.69835052E8 1.065081408E9 
9.0374992E8 6.7593943E8 7.59957632E8 1.041296238E9 1.07297723E9 
9.05268E8 6.75354436E8 7.54413078E8 1.028351008E9 1.079735682E9 
9.1091875E8 6.71530294E8 8.0854012E8 9.33881842E8 1.09170112E9 
8.7046858E8 6.8325885E8 8.15906978E8 9.23577702E8 1.097278158E9 
8.70589446E8 6.8317651E8 8.15747226E8 9.23420014E8 1.097500138E9 


