#Mon May 20 17:10:25 EST 2013
mating_pool=80
mutation_dist=3
algo_name=Hype
stopping_criterion=1000000
comparator=multiObjective.HypeComparator
sol_type=solver.mosolver.MOGASolution
algo_type=solver.mosolver.Hype
logging=false
rand_seed_for_pop=888
range_subdivisions=10
desired_solutions=5,10,15
problemfile=50fac5to20obj\\\\50fac5obj.txt
o=2
HV_sample=2000
runs=30
k=10
rand_seed=clock
problemtype=MOQAP
tournament_size=2
vads=true
mutation_prob=0.1
reweighting_interval=100
c=8
crossover_prob=0.01
delta=10
population=100
Used function evaluations: 1000000

Complete Population
9.18885104E8 6.78897208E8 8.49301284E8 9.8656551E8 8.08230568E8 
9.2039315E8 6.78343426E8 8.46458162E8 9.86388136E8 8.08803218E8 
9.1972059E8 6.78314688E8 8.46438448E8 9.85933596E8 8.08908764E8 
9.19733994E8 6.7835051E8 8.4636709E8 9.8597605E8 8.08924622E8 
9.19695886E8 6.78326286E8 8.46373062E8 9.8599048E8 8.0896431E8 
9.19593094E8 6.7837492E8 8.4638843E8 9.85993374E8 8.0898589E8 
9.19716232E8 6.78318934E8 8.46406214E8 9.86001352E8 8.08986382E8 
9.19740444E8 6.78314712E8 8.46526102E8 9.85885472E8 8.08990902E8 
9.19733774E8 6.78280136E8 8.46576572E8 9.85916558E8 8.0899588E8 
9.19709738E8 6.7835401E8 8.4629974E8 9.86032818E8 8.08996304E8 
9.19571374E8 6.7843291E8 8.4650944E8 9.85907444E8 8.0899946E8 
9.19681152E8 6.78360654E8 8.46379578E8 9.85999944E8 8.09031934E8 
9.1959774E8 6.784545E8 8.46362618E8 9.8599588E8 8.09037622E8 
9.19690994E8 6.78316824E8 8.46552794E8 9.85904388E8 8.09039094E8 
9.19600024E8 6.78414732E8 8.4630026E8 9.86054412E8 8.090421E8 
9.1956832E8 6.78507458E8 8.46486486E8 9.85899188E8 8.09048854E8 
9.19695706E8 6.7819971E8 8.46313116E8 9.862311E8 8.09049692E8 
9.19733282E8 6.78287512E8 8.46631074E8 9.85857562E8 8.09055946E8 
9.19571122E8 6.78338652E8 8.46258722E8 9.86108674E8 8.0906205E8 
9.1954384E8 6.78415598E8 8.4634784E8 9.85999788E8 8.09069456E8 
9.1952219E8 6.78352648E8 8.46305408E8 9.86064928E8 8.09075608E8 
9.19843494E8 6.78252226E8 8.46524174E8 9.86006482E8 8.0907573E8 
9.19518088E8 6.78231502E8 8.46376376E8 9.86105936E8 8.0908548E8 
9.19559658E8 6.78447586E8 8.46523214E8 9.85866548E8 8.09126118E8 
9.19624794E8 6.78177532E8 8.46246964E8 9.86304092E8 8.09139118E8 
9.19532894E8 6.78395494E8 8.46446926E8 9.85908616E8 8.09142242E8 
9.19521086E8 6.78288714E8 8.4657771E8 9.858782E8 8.09155554E8 
9.19548298E8 6.78332708E8 8.46652034E8 9.85836016E8 8.09155566E8 
9.19942588E8 6.78236514E8 8.46002332E8 9.86102406E8 8.09192576E8 
9.19095874E8 6.79497858E8 8.4707791E8 9.86168402E8 8.0925379E8 
8.97324216E8 6.7814526E8 8.4643729E8 9.83944812E8 8.26631494E8 
8.97301024E8 6.78250674E8 8.46603382E8 9.8389883E8 8.2665829E8 
8.97223928E8 6.78095072E8 8.46564176E8 9.83914726E8 8.26709358E8 
8.97317266E8 6.78248696E8 8.46462268E8 9.83821552E8 8.26725264E8 
8.97328672E8 6.78029154E8 8.46623572E8 9.83949638E8 8.26728192E8 
8.97314114E8 6.78026444E8 8.46451122E8 9.84106778E8 8.2675216E8 
8.9727509E8 6.78074244E8 8.46658116E8 9.84025956E8 8.26754826E8 
8.97234256E8 6.78092954E8 8.4647036E8 9.8382937E8 8.26798328E8 
8.96953162E8 6.78285934E8 8.4665059E8 9.83750492E8 8.26805492E8 
8.971593E8 6.78119248E8 8.4663869E8 9.83951582E8 8.26815502E8 
8.97339E8 6.78027036E8 8.46529756E8 9.83864282E8 8.26817162E8 
8.9723224E8 6.78061958E8 8.46663952E8 9.84022192E8 8.26817488E8 
8.9732221E8 6.7813176E8 8.4664856E8 9.83826336E8 8.26823322E8 
8.97307392E8 6.78010196E8 8.46538394E8 9.84059286E8 8.26834824E8 
8.97323954E8 6.7802527E8 8.46352128E8 9.8401874E8 8.26839772E8 
8.97249486E8 6.7805062E8 8.46525636E8 9.84143634E8 8.26858304E8 
8.97259952E8 6.78064554E8 8.46566202E8 9.84123704E8 8.26876256E8 
8.96963002E8 6.78284646E8 8.46556764E8 9.83665178E8 8.26893102E8 
8.97126916E8 6.78120896E8 8.46685092E8 9.83927888E8 8.26896116E8 
8.96931956E8 6.78187724E8 8.46796002E8 9.83779116E8 8.2690014E8 
8.97169628E8 6.7811713E8 8.46544874E8 9.83866226E8 8.26904472E8 
8.97272542E8 6.78121084E8 8.4670127E8 9.83814538E8 8.26904916E8 
8.97019832E8 6.78108562E8 8.4686212E8 9.83825922E8 8.26921658E8 
8.97317232E8 6.78009022E8 8.464394E8 9.83971248E8 8.26922436E8 
8.97047804E8 6.781012E8 8.46723818E8 9.8394737E8 8.26944992E8 
8.97259326E8 6.78049446E8 8.46426642E8 9.84055596E8 8.26945916E8 
8.97074832E8 6.78130208E8 8.46578118E8 9.83886894E8 8.26967892E8 
8.97136828E8 6.78119698E8 8.46590862E8 9.83842534E8 8.26983382E8 
8.96941868E8 6.78186526E8 8.46701772E8 9.83693762E8 8.26987406E8 
8.97057644E8 6.78100026E8 8.46624824E8 9.83859332E8 8.27032604E8 
8.96200334E8 6.76358858E8 8.45856112E8 9.84426498E8 8.32165098E8 
8.95674178E8 6.76152724E8 8.45766454E8 9.84156412E8 8.32295258E8 
8.9579728E8 6.7612234E8 8.45717716E8 9.84433436E8 8.32298262E8 
8.95706464E8 6.75969492E8 8.45709894E8 9.8437254E8 8.32341426E8 
8.95686828E8 6.75915376E8 8.45806224E8 9.8447539E8 8.32344428E8 
8.95692364E8 6.7601364E8 8.45707444E8 9.84446562E8 8.32345776E8 
8.95755998E8 6.75915612E8 8.45902158E8 9.84370714E8 8.3235254E8 
8.95709866E8 6.76022522E8 8.45632778E8 9.8431301E8 8.32357912E8 
8.9569023E8 6.75968406E8 8.45729108E8 9.8441586E8 8.32360914E8 
8.95756948E8 6.760005E8 8.45668602E8 9.84337756E8 8.32361808E8 
8.95737392E8 6.75946338E8 8.45748732E8 9.84452696E8 8.32364886E8 
8.9578475E8 6.75977968E8 8.4588248E8 9.84223602E8 8.3236661E8 
8.95604892E8 6.7607792E8 8.45565868E8 9.84344882E8 8.32373008E8 
8.95720362E8 6.76005508E8 8.45608318E8 9.84401746E8 8.3237598E8 
8.95706158E8 6.76046404E8 8.45605866E8 9.84475232E8 8.32380352E8 
8.95781286E8 6.7599997E8 8.45729054E8 9.84312418E8 8.32381294E8 
8.9577419E8 6.76098466E8 8.45646496E8 9.84277732E8 8.32382602E8 
8.95688558E8 6.76251988E8 8.45845468E8 9.84004914E8 8.32393674E8 
8.9574195E8 6.75922216E8 8.45885848E8 9.84404548E8 8.32403466E8 
8.95713446E8 6.75998116E8 8.45612236E8 9.84452864E8 8.32407986E8 
8.95644416E8 6.76034082E8 8.4559109E8 9.84281662E8 8.32409026E8 
8.9570635E8 6.76096612E8 8.45529678E8 9.84418178E8 8.32409294E8 
8.95624742E8 6.75976674E8 8.45687126E8 9.84372438E8 8.3241205E8 
8.95630278E8 6.76074938E8 8.45588346E8 9.8434361E8 8.32413398E8 
8.95745352E8 6.75975246E8 8.45808732E8 9.84345018E8 8.32419952E8 
8.95435666E8 6.76064108E8 8.45616376E8 9.84288666E8 8.32420194E8 
8.95722994E8 6.75989036E8 8.45759656E8 9.84307134E8 8.32427098E8 
8.95974484E8 6.75805334E8 8.45992376E8 9.8392061E8 8.32439054E8 
8.9574762E8 6.75916302E8 8.45800194E8 9.84306812E8 8.32441352E8 
8.9572481E8 6.75862244E8 8.45880302E8 9.8442177E8 8.3244438E8 
8.95769628E8 6.75938606E8 8.45876504E8 9.841653E8 8.32445492E8 
8.9573352E8 6.7596045E8 8.45797744E8 9.84380834E8 8.32445702E8 
8.95746818E8 6.75884548E8 8.45956612E8 9.84280258E8 8.3244852E8 
8.95755528E8 6.75982754E8 8.45874054E8 9.84239322E8 8.32449842E8 
8.9597102E8 6.75827336E8 8.4583895E8 9.84009426E8 8.32453738E8 
8.95432282E8 6.76105446E8 8.45893586E8 9.84335952E8 8.32469226E8 
8.95493066E8 6.7610559E8 8.4600572E8 9.84231316E8 8.32476476E8 
8.95618024E8 6.7587608E8 8.458772E8 9.84397488E8 8.32476968E8 
8.95650506E8 6.76012268E8 8.45685234E8 9.8439736E8 8.32477792E8 
8.95435684E8 6.76158476E8 8.4581647E8 9.84276422E8 8.32485712E8 

